NODE	1	2	3	4	5	6	7	8	9	10	11	12	13	14	15	16	17	18	19	20	21	22	23	24	25	26	27	28	29	30	31	32	33	34	35	36	37	38	39	40	
N1	0.000183689	4.23662e-07	1.03605e-10	9.05645e-18	4.06585e-20	1.19594e-22	2.47503e-25	3.79472e-28	9.59443e-30	0.974649	0.0251398	2.70732e-05	4.62973e-09	2.1737e-13	2.26417e-19	6.30241e-22	1.2494e-24	1.84955e-27	1.96288e-30	1.83574e-33	1.45714e-36	1.04819e-39	7.24882e-43	4.88428e-46	3.09588e-49	1.7657e-52	8.81514e-56	3.81336e-59	1.42936e-62	4.90306e-66	1.4635e-69	3.83101e-73	8.85978e-77	1.82237e-80	3.35415e-84	5.5543e-88	8.31581e-92	1.13067e-95	1.40226e-99	1.6382e-103	
N2	9.425e-07	8.61451e-11	3.72186e-15	1.53792e-16	4.33155e-18	7.08814e-20	7.42264e-22	7.36634e-14	4.09405e-10	0.998636	0.00136344	5.65478e-08	3.19675e-13	1.37219e-15	3.49948e-17	5.3169e-19	4.95435e-21	1.60297e-13	3.80532e-15	3.62493e-17	4.06102e-21	2.51138e-26	3.40602e-32	8.46914e-35	6.54153e-37	3.41064e-39	1.24679e-41	3.54091e-34	4.92522e-36	2.27193e-38	1.19471e-42	3.61871e-48	2.10674e-54	1.03166e-57	4.25666e-60	1.21058e-62	2.32809e-65	2.9128e-68	2.22961e-71	1.03309e-74	
N3	9.93978e-08	2.51117e-12	5.24866e-15	1.40043e-15	1.90144e-16	1.35092e-17	4.78954e-19	5.55493e-19	4.0623e-10	0.999573	0.000426473	3.80971e-09	4.00848e-14	8.33107e-15	1.01734e-15	6.6915e-17	2.23053e-18	3.08979e-20	4.91945e-23	4.61406e-26	7.27867e-31	6.9771e-37	5.23475e-42	2.78882e-43	1.0274e-44	2.53433e-46	3.98165e-48	3.23037e-50	4.49609e-53	2.48241e-56	1.47726e-61	4.71429e-68	8.77634e-75	1.23045e-76	1.7597e-78	1.68146e-80	9.69259e-83	2.66633e-85	1.18042e-88	4.80148e-92	
N4	2.22023e-13	4.44162e-20	1.57486e-22	7.09213e-25	1.78289e-27	2.6248e-30	4.80553e-25	6.03742e-11	0.992208	0.00779224	1.72606e-08	5.99716e-16	3.00623e-21	1.06003e-23	2.28986e-26	3.03547e-29	1.30747e-23	1.51483e-14	4.25969e-17	3.38462e-20	1.23e-26	9.64967e-35	4.44338e-40	5.09207e-43	3.96498e-46	2.06961e-49	1.24508e-49	6.2308e-52	9.92211e-55	5.63779e-58	5.63867e-64	8.79035e-72	7.9342e-72	6.44242e-73	4.29027e-74	2.24652e-75	8.88058e-77	2.50109e-78	4.58946e-80	4.88356e-82	
CENT22	0	0	0	0	0	0	0	0	1	0	0	0	0	0	0	0	0	0	0	0	0	0	0	0	0	0	0	0	0	0	0	0	0	0	0	0	0	0	0	0	
N5	2.82309e-21	8.70003e-30	3.8112e-32	1.6934e-34	3.863e-37	1.38653e-32	1.08655e-12	0.554547	0.00820901	6.1556e-07	9.82137e-15	1.91708e-24	2.66779e-31	8.26612e-34	1.73816e-36	2.93676e-33	8.49048e-13	0.431168	0.0060746	4.73849e-07	7.6471e-15	1.51724e-24	3.2942e-30	1.24288e-32	2.74377e-35	4.66705e-30	2.52542e-17	6.16619e-17	3.7843e-17	2.45416e-19	1.30294e-23	4.37011e-31	1.27886e-35	1.12142e-35	8.4322e-36	4.3732e-36	1.48366e-36	2.95702e-37	2.63802e-38	1.24999e-40	
N6	2.11185e-27	5.44818e-29	4.92942e-31	1.72635e-33	2.43233e-36	1.23295e-39	4.9836e-24	0.317115	0.000166589	2.27146e-10	4.29353e-20	5.22797e-28	3.47524e-30	1.07852e-32	1.49937e-35	8.23851e-39	1.0762e-23	0.682385	0.000333389	4.82087e-10	9.31821e-20	1.41866e-25	9.77803e-28	3.22509e-30	4.91348e-33	3.07605e-36	8.43906e-30	5.47915e-21	1.13579e-25	7.18194e-33	1.55844e-27	9.21537e-34	1.2352e-33	1.00162e-33	4.72333e-34	1.16941e-34	1.15269e-35	4.5206e-38	3.25854e-41	6.44201e-44	
CENT44	0	0	0	0	0	0	0	0	0	0	0	0	0	0	0	0	0	0	0	0	0	0	0	0	0	0	0	1	0	0	0	0	0	0	0	0	0	0	0	0	
CENT53	0	0	0	0	0	0	0	0	0	0	0	0	0	0	0	0	0	1	0	0	0	0	0	0	0	0	0	0	0	0	0	0	0	0	0	0	0	0	0	0	
CENT75	0	0	0	0	0	0	0	0	0	0	0	0	0	0	0	0	0	0	0	0	0	0	0	0	0	0	1	0	0	0	0	0	0	0	0	0	0	0	0	0	
N7	4.70516e-10	1.05566e-13	2.53383e-15	2.65478e-17	1.41592e-19	4.08499e-22	6.38046e-25	5.02772e-28	1.72339e-21	0.99999	1.02858e-05	1.84019e-12	1.40529e-14	1.29976e-16	6.39657e-19	1.74123e-21	2.59047e-24	1.93052e-27	1.45756e-25	1.48183e-17	1.36397e-23	7.47939e-31	2.18969e-33	5.58892e-36	8.798e-39	8.56877e-42	4.99273e-45	1.58456e-48	2.11099e-52	1.35673e-57	5.33386e-65	1.1715e-73	2.04514e-77	7.37469e-81	1.92722e-84	3.5186e-88	4.22728e-92	3.00215e-96	1.00797e-100	1.12757e-105	
CENT25	0	0	0	0	0	0	0	0	0	0	0	0	0	0	0	0	0	0	0	1	0	0	0	0	0	0	0	0	0	0	0	0	0	0	0	0	0	0	0	0	
CENT29	0	0	0	0	0	0	0	0	0	1	0	0	0	0	0	0	0	0	0	0	0	0	0	0	0	0	0	0	0	0	0	0	0	0	0	0	0	0	0	0	
CENT72	0	0	0	0	0	0	0	0	0	0	0	0	0	0	0	0	0	0	0	0	0	0	0	0	0	0	0	1	0	0	0	0	0	0	0	0	0	0	0	0	
N8	6.8154e-05	5.85112e-08	4.383e-12	8.11463e-14	3.16708e-14	7.01617e-15	9.02705e-16	6.61768e-17	2.84863e-18	0.984655	0.0152711	6.08245e-06	2.85841e-10	6.33155e-14	2.19942e-14	4.62712e-15	5.70357e-16	4.0085e-17	1.27316e-18	2.11695e-20	2.79904e-24	3.16424e-29	8.06484e-35	6.74325e-39	2.72275e-40	8.12697e-42	1.72035e-43	2.44473e-45	2.10526e-47	9.3242e-50	3.52532e-54	1.26742e-59	1.17268e-65	1.49661e-70	4.49382e-71	2.14553e-71	8.08216e-72	2.21749e-72	4.03304e-73	4.22991e-74	
N9	2.93932e-09	2.31403e-15	1.40152e-18	7.87965e-22	2.1064e-25	2.77043e-29	1.74871e-33	4.86425e-38	1.89329e-23	0.999981	1.90728e-05	4.76238e-12	5.35283e-17	2.71776e-20	6.98202e-24	9.19092e-28	5.98451e-32	1.75097e-36	5.33724e-31	3.19907e-22	2.4057e-28	2.59282e-36	1.54183e-25	1.20382e-26	6.25666e-28	2.1566e-29	4.78222e-31	6.41865e-33	4.69806e-35	1.61376e-37	4.38148e-42	3.39305e-48	9.34468e-36	1.07978e-34	1.07496e-33	8.97073e-33	6.07007e-32	3.19018e-31	1.24618e-30	3.71076e-30	
CENT17	0	0	0	0	0	0	0	0	0	1	0	0	0	0	0	0	0	0	0	0	0	0	0	0	0	0	0	0	0	0	0	0	0	0	0	0	0	0	0	0	
CENT74	0	0	0	0	0	0	0	0	0	0	0	0	0	0	0	0	0	0	0	1	0	0	0	0	0	0	0	0	0	0	0	0	0	0	0	0	0	0	0	0	
N10	1.15907e-08	6.16603e-14	1.40835e-17	9.09802e-20	2.97135e-22	5.19778e-25	4.90955e-28	2.4094e-31	9.37945e-23	0.999792	0.000208434	5.60138e-10	1.49448e-15	8.03971e-18	2.50539e-20	4.32931e-23	4.13662e-26	2.07845e-29	4.97107e-33	2.18921e-35	1.49476e-38	4.92345e-43	2.16541e-41	5.20643e-42	1.0357e-42	1.60948e-43	1.88631e-44	1.57705e-45	8.5647e-47	2.60897e-48	9.34881e-52	1.65393e-56	5.12505e-61	6.62639e-62	7.78388e-63	7.3213e-64	5.32521e-65	2.85075e-66	1.05117e-67	2.58881e-69	
CENT32	0	0	0	0	0	0	0	0	0	1	0	0	0	0	0	0	0	0	0	0	0	0	0	0	0	0	0	0	0	0	0	0	0	0	0	0	0	0	0	0	
N11	8.11918e-11	2.70949e-17	2.30348e-22	3.86792e-26	4.72949e-30	3.23157e-32	2.66861e-34	1.19586e-36	2.14923e-24	0.99998	2.0121e-05	2.58108e-12	2.23899e-19	2.8383e-23	1.70146e-27	3.04776e-31	2.12312e-33	9.43634e-36	2.07103e-38	1.73418e-39	2.58247e-45	4.47289e-53	1.50678e-60	9.17541e-65	4.74694e-68	4.53383e-50	7.63804e-48	9.37698e-46	7.57631e-44	3.08945e-42	2.34677e-44	4.61847e-48	1.40048e-51	1.11789e-51	4.97683e-43	1.21199e-42	1.78581e-40	2.26479e-38	1.86276e-36	7.73985e-35	
N12	8.85109e-12	2.87246e-19	3.62022e-22	3.49994e-23	1.75447e-24	4.92281e-26	7.94795e-28	7.26462e-30	2.12583e-23	0.999997	3.2285e-06	3.36557e-14	5.44156e-22	3.3376e-23	1.56536e-24	4.19339e-26	6.53241e-28	5.7886e-30	1.01134e-28	9.4164e-19	1.41325e-24	1.46937e-32	3.62585e-36	1.45374e-36	2.05859e-37	1.35828e-38	4.65836e-40	8.51135e-42	7.83027e-44	2.97091e-46	1.49426e-53	7.98771e-63	1.17097e-71	1.04347e-73	9.8153e-76	6.5951e-78	3.07717e-80	9.45937e-83	1.72838e-85	1.49677e-88	
N13	2.30647e-14	1.13003e-22	1.94123e-24	1.53725e-26	6.09642e-29	1.28504e-31	1.45168e-34	8.46789e-38	3.3377e-24	1	5.13456e-08	4.24578e-18	5.28089e-23	3.64966e-25	1.33402e-27	2.67615e-30	2.93673e-33	1.71181e-36	3.4686e-32	4.51706e-19	1.17372e-25	8.1853e-34	3.52445e-32	5.05009e-32	4.92189e-32	3.30129e-32	1.50076e-32	4.41514e-33	7.5912e-34	5.94369e-35	1.25821e-41	1.52506e-50	4.01062e-54	1.31278e-54	3.25209e-55	5.90763e-56	7.51277e-57	6.22238e-58	2.96294e-59	6.25029e-61	
CENT26	0	0	0	0	0	0	0	0	0	0	0	0	0	0	0	0	0	0	0	1	0	0	0	0	0	0	0	0	0	0	0	0	0	0	0	0	0	0	0	0	
N14	2.11978e-15	2.95501e-23	7.85392e-27	2.57726e-29	6.69267e-31	9.47487e-33	7.29689e-35	3.03034e-37	1.32837e-24	1	4.53554e-09	1.66435e-20	9.3068e-26	4.29052e-27	1.07501e-28	1.45639e-30	1.09298e-32	4.48035e-35	1.61351e-29	4.15417e-19	1.53378e-28	8.11561e-41	3.77441e-48	3.56321e-51	2.3586e-53	9.16704e-56	2.01461e-58	2.40229e-61	1.40312e-64	3.05664e-68	2.19671e-79	3.45111e-93	1.62736e-101	3.00886e-105	5.10924e-60	2.88765e-60	1.08816e-60	2.58063e-61	3.43855e-62	1.9433e-63	
CENT37	0	0	0	0	0	0	0	0	0	1	0	0	0	0	0	0	0	0	0	0	0	0	0	0	0	0	0	0	0	0	0	0	0	0	0	0	0	0	0	0	
CENT41	0	0	0	0	0	0	0	0	0	0	0	0	0	0	0	0	0	0	0	1	0	0	0	0	0	0	0	0	0	0	0	0	0	0	0	0	0	0	0	0	
CENT59	0	0	0	0	0	0	0	0	0	0	0	0	0	0	0	0	0	0	0	1	0	0	0	0	0	0	0	0	0	0	0	0	0	0	0	0	0	0	0	0	
N15	3.22013e-13	5.13855e-21	7.62914e-26	3.07706e-27	6.43895e-29	7.38948e-31	4.75331e-33	1.67563e-35	4.99374e-24	0.999998	1.51752e-06	7.35494e-15	1.73296e-23	4.42416e-26	8.75581e-28	9.77542e-30	6.22633e-32	2.20024e-34	3.87243e-37	2.75402e-40	2.81114e-48	2.9011e-58	6.06909e-68	7.17549e-71	1.9991e-73	3.14988e-52	3.24214e-50	2.49008e-48	1.27619e-46	3.31378e-45	1.57343e-48	9.55316e-54	6.30924e-59	7.63072e-58	1.45508e-43	1.91159e-41	1.98049e-39	1.52893e-37	7.8752e-36	2.0936e-34	
N16	3.21532e-16	1.24326e-23	5.51594e-25	1.05039e-26	9.91317e-29	4.92466e-31	1.29695e-33	1.73575e-36	5.99657e-24	1	5.7032e-08	5.19548e-18	1.85217e-23	3.24607e-25	2.98571e-27	1.50257e-29	4.13871e-32	5.97582e-35	4.00612e-38	5.4873e-41	8.22365e-48	8.7333e-57	2.36778e-53	1.6576e-53	9.0585e-54	3.7886e-54	1.17213e-54	2.53145e-55	3.41825e-56	2.21837e-57	1.9187e-64	9.95901e-74	3.87263e-78	1.41107e-78	4.06512e-79	9.04006e-80	1.4958e-80	1.73444e-81	1.26384e-82	4.55163e-84	
CENT5	0	0	0	0	0	0	0	0	0	1	0	0	0	0	0	0	0	0	0	0	0	0	0	0	0	0	0	0	0	0	0	0	0	0	0	0	0	0	0	0	
N17	2.60985e-19	9.40089e-28	3.271e-29	5.37583e-31	3.51401e-33	7.6885e-36	4.81865e-39	3.06095e-41	9.73195e-25	1	1.97119e-09	3.08596e-21	1.18205e-27	1.91865e-29	1.5223e-31	5.27843e-34	1.27807e-35	9.62131e-36	4.31265e-36	8.73235e-37	8.50469e-45	2.35115e-55	8.11121e-59	8.99365e-59	6.95497e-59	3.68977e-59	1.30692e-59	2.91678e-60	3.65997e-61	1.9412e-62	4.52299e-71	2.5744e-82	3.90625e-88	3.88166e-89	7.19716e-45	1.56644e-42	2.54664e-40	2.96123e-38	2.2316e-36	8.48183e-35	
N18	2.85425e-21	3.29335e-25	8.9249e-29	2.26809e-31	1.49133e-32	3.84683e-34	4.56233e-36	2.59595e-38	1.19238e-24	1	2.31907e-10	2.18429e-23	3.59281e-31	1.84937e-34	6.48112e-32	2.274e-33	3.25864e-35	2.12748e-37	6.0936e-40	6.93919e-43	1.06663e-54	2.09451e-69	3.55701e-78	9.99099e-83	4.01885e-80	1.03462e-82	1.1579e-85	5.97377e-89	1.31404e-92	1.02085e-96	8.92942e-110	7.3915e-126	1.13012e-136	2.62996e-143	2.95004e-53	1.51826e-44	8.162e-42	2.33396e-39	3.64732e-37	2.53047e-35	
CENT14	0	0	0	0	0	0	0	0	0	1	0	0	0	0	0	0	0	0	0	0	0	0	0	0	0	0	0	0	0	0	0	0	0	0	0	0	0	0	0	0	
CENT34	0	0	0	0	0	0	0	0	0	1	0	0	0	0	0	0	0	0	0	0	0	0	0	0	0	0	0	0	0	0	0	0	0	0	0	0	0	0	0	0	
CENT33	0	0	0	0	0	0	0	0	0	1	0	0	0	0	0	0	0	0	0	0	0	0	0	0	0	0	0	0	0	0	0	0	0	0	0	0	0	0	0	0	
N19	6.63326e-17	1.09223e-25	1.97451e-27	1.68622e-29	7.07693e-32	1.54577e-34	1.7635e-37	1.00311e-40	1.70091e-24	1	2.61331e-08	1.09008e-18	1.46063e-25	1.14745e-27	4.7087e-30	1.04911e-32	1.26538e-35	7.88612e-39	2.25422e-42	2.02951e-41	1.66134e-47	5.71705e-56	1.14804e-49	7.23696e-49	1.99817e-48	6.17274e-45	5.04998e-43	3.08852e-41	1.26142e-39	2.61917e-38	7.93668e-43	1.5366e-49	1.96078e-52	2.95983e-50	5.97728e-43	6.23395e-41	5.14102e-39	3.16063e-37	1.29834e-35	2.7754e-34	
N20	2.79041e-20	1.50413e-28	5.32948e-30	7.26356e-32	4.47275e-34	1.33e-36	1.92464e-39	1.30032e-42	5.87574e-25	1	6.53471e-10	3.37998e-22	2.26158e-28	3.12825e-30	2.05213e-32	6.71867e-35	1.10476e-37	8.75608e-41	4.84784e-44	1.72257e-43	1.86934e-50	4.5468e-59	1.70958e-48	6.02779e-46	1.65028e-43	3.51454e-41	5.70588e-39	6.73296e-37	5.22929e-35	2.05044e-33	2.02544e-39	6.40021e-48	3.94999e-50	1.57164e-47	4.72763e-45	1.07862e-42	1.83805e-40	2.24004e-38	1.76887e-36	7.03693e-35	
N21	3.13347e-22	1.06776e-27	2.25523e-28	1.9085e-29	7.77525e-31	1.6655e-32	1.94131e-34	1.2207e-36	2.26109e-24	1	8.3432e-11	3.01469e-24	1.61071e-27	1.33113e-28	5.44406e-30	1.18397e-31	1.40891e-33	9.03833e-36	2.85314e-38	3.57924e-41	1.98342e-53	1.66167e-68	1.19531e-71	5.14933e-74	1.35677e-76	2.16118e-79	2.01151e-82	1.02185e-85	2.4898e-89	2.1383e-93	6.76659e-107	2.15916e-123	7.22269e-130	3.0964e-134	7.14557e-46	2.19988e-43	5.05656e-41	8.30771e-39	8.83354e-37	4.70374e-35	
CENT16	0	0	0	0	0	0	0	0	0	1	0	0	0	0	0	0	0	0	0	0	0	0	0	0	0	0	0	0	0	0	0	0	0	0	0	0	0	0	0	0	
CENT6	0	0	0	0	0	0	0	0	0	1	0	0	0	0	0	0	0	0	0	0	0	0	0	0	0	0	0	0	0	0	0	0	0	0	0	0	0	0	0	0	
N22	1.00969e-22	9.42773e-27	8.83952e-28	3.34972e-29	6.1348e-31	5.91416e-33	3.10055e-35	8.7541e-38	2.26574e-24	1	4.16899e-11	9.3746e-25	1.17228e-26	4.47322e-28	8.41887e-30	8.39503e-32	4.56266e-34	1.33097e-36	1.24496e-32	2.0615e-22	6.99672e-34	1.07343e-47	1.50031e-49	1.30753e-51	6.24854e-54	1.68718e-56	2.56686e-59	2.11137e-62	1.01423e-57	4.3867e-48	3.55154e-60	2.2174e-75	6.01225e-79	5.58067e-82	9.22151e-37	1.38494e-36	1.31643e-36	7.71192e-37	2.55311e-37	3.76816e-38	
CENT28	0	0	0	0	0	0	0	0	0	0	0	0	0	0	0	0	0	0	0	0	0	0	0	0	0	0	0	0	0	1	0	0	0	0	0	0	0	0	0	0	
CENT36	0	0	0	0	0	0	0	0	0	1	0	0	0	0	0	0	0	0	0	0	0	0	0	0	0	0	0	0	0	0	0	0	0	0	0	0	0	0	0	0	
N23	6.07409e-19	5.57816e-26	1.7153e-27	2.23444e-29	1.444e-31	4.9392e-34	9.0619e-37	8.63402e-40	9.37429e-25	1	6.57963e-10	3.43841e-22	3.70221e-27	4.20559e-29	2.49454e-31	8.05366e-34	1.41781e-36	1.36063e-39	2.04643e-33	2.26376e-19	3.82845e-28	1.43553e-38	1.40123e-35	3.46847e-35	5.75863e-35	6.51457e-35	4.95992e-35	2.43259e-35	6.94349e-36	8.91901e-37	7.74296e-45	1.34628e-53	1.48692e-54	3.48009e-52	4.66426e-46	7.53666e-44	9.62808e-42	9.16177e-40	5.81013e-38	1.88945e-36	
N24	1.02197e-19	7.87577e-24	3.46314e-27	6.6767e-29	2.72092e-30	5.86929e-32	6.88778e-34	4.35928e-36	1.69591e-24	1	8.45852e-11	3.13273e-24	1.53478e-26	1.16115e-27	4.44093e-29	9.17921e-31	1.0508e-32	6.56882e-35	7.98797e-30	2.2544e-19	1.55353e-30	8.16386e-45	4.21113e-49	7.68059e-51	8.03582e-53	4.76721e-55	1.59911e-57	2.91067e-60	2.59444e-63	8.61494e-67	1.15895e-79	1.82132e-95	2.36961e-100	9.635e-104	3.89249e-60	2.84427e-60	1.38514e-60	4.2436e-61	7.30015e-62	5.31969e-63	
CENT9	0	0	0	0	0	0	0	0	0	1	0	0	0	0	0	0	0	0	0	0	0	0	0	0	0	0	0	0	0	0	0	0	0	0	0	0	0	0	0	0	
CENT46	0	0	0	0	0	0	0	0	0	0	0	0	0	0	0	0	0	0	0	1	0	0	0	0	0	0	0	0	0	0	0	0	0	0	0	0	0	0	0	0	
N25	7.18148e-23	1.466e-25	2.17121e-27	1.31702e-29	3.7526e-32	5.21589e-35	3.46084e-38	1.00893e-41	1.65303e-26	0.0167806	1.42326e-13	1.71841e-26	1.98219e-28	1.07657e-30	2.86729e-33	3.80557e-36	2.43828e-39	6.90737e-43	9.31639e-25	0.983219	8.34023e-12	1.78868e-23	2.20476e-25	1.27765e-27	3.75344e-30	5.72788e-33	4.44321e-36	1.63369e-39	2.45248e-43	1.05088e-47	1.35851e-61	2.65586e-77	1.41667e-46	2.47616e-44	3.63895e-42	4.38955e-40	4.18965e-38	2.98014e-36	1.41498e-34	3.47652e-33	
CENT3	0	0	0	0	0	0	0	0	0	0	0	0	0	0	0	0	0	0	0	1	0	0	0	0	0	0	0	0	0	0	0	0	0	0	0	0	0	0	0	0	
CENT23	0	0	0	0	0	0	0	0	0	0	0	0	0	0	0	0	0	0	0	1	0	0	0	0	0	0	0	0	0	0	0	0	0	0	0	0	0	0	0	0	
