NODE	1	2	3	4	5	6	7	8	9	10	11	12	13	14	15	16	17	18	19	20	21	22	23	24	25	26	27	28	29	30	31	32	33	34	35	36	37	38	39	40	
N1	6.47656e-08	3.384e-06	0.00153174	6.94885e-06	0.982875	0.000176882	0.000441325	2.99093e-08	8.93444e-05	0.0148733	2.08116e-06	2.85935e-11	1.31388e-18	2.06152e-21	2.90823e-24	3.60849e-27	3.73151e-30	3.17669e-33	2.25834e-36	1.36995e-39	7.24172e-43	3.39724e-46	1.43615e-49	5.54112e-53	1.9721e-56	6.53239e-60	2.02915e-63	5.94929e-67	1.65558e-70	4.39424e-74	1.11717e-77	2.73084e-81	6.43984e-85	1.46948e-88	3.25345e-92	7.0061e-96	1.47071e-99	3.01568e-103	6.05932e-107	1.31397e-110	
N2	1.48293e-10	1.54394e-07	0.000126566	0.000240788	0.462064	0.00304127	0.0681235	0.000926665	0.0607308	0.404683	5.93538e-05	4.29767e-06	1.10446e-07	1.16983e-07	3.39681e-10	1.55548e-13	5.11587e-17	1.45135e-17	4.55292e-19	7.69241e-21	4.61258e-25	1.86454e-28	4.02997e-32	2.38104e-33	1.37256e-35	1.70504e-36	1.06895e-37	1.29086e-38	1.24102e-41	1.24173e-43	1.05013e-47	1.99315e-50	1.40168e-54	4.02203e-58	8.29435e-62	2.08486e-64	1.24333e-68	2.74088e-71	2.10727e-74	5.94392e-77	
N3	1.79261e-11	4.30376e-08	8.81835e-05	0.000160974	0.295254	0.00478135	0.0236825	0.000399072	0.0705842	0.604766	0.000283288	2.6186e-07	8.39665e-10	1.67451e-11	3.47011e-15	3.46349e-19	1.95379e-23	1.28578e-25	1.11276e-28	1.92253e-31	2.47798e-35	2.45563e-39	5.82102e-43	1.4057e-46	6.42576e-51	5.61259e-53	9.16067e-56	5.2566e-58	3.56192e-62	4.2386e-65	1.28472e-69	6.13378e-73	2.8507e-77	1.06183e-80	3.94898e-84	2.41147e-86	1.60766e-90	9.08557e-93	2.67153e-96	2.02509e-98	
N4	3.45841e-17	2.65418e-12	1.25584e-07	1.72962e-06	2.13255e-05	0.00124088	1.29394e-06	0.000164141	0.995059	0.00350966	1.31955e-06	6.01579e-07	1.62099e-10	6.15147e-13	1.87353e-16	2.572e-17	3.85694e-18	7.33573e-18	3.77715e-21	6.16557e-24	4.56205e-29	2.20737e-33	3.21151e-38	1.13153e-42	3.42041e-48	6.31757e-52	2.37687e-55	3.51409e-58	1.17315e-62	7.59254e-66	3.94265e-71	3.33485e-75	6.62991e-80	8.37475e-83	1.30297e-86	1.4242e-89	2.79982e-94	1.93996e-97	3.58723e-101	2.15367e-104	
CENT22	0	0	0	0	0	0	0	0	1	0	0	0	0	0	0	0	0	0	0	0	0	0	0	0	0	0	0	0	0	0	0	0	0	0	0	0	0	0	0	0	
N5	1.20947e-23	1.57254e-17	8.68603e-12	6.19999e-11	1.1519e-09	2.75303e-06	3.06629e-08	1.44277e-07	0.129247	2.96282e-06	9.14302e-10	1.80239e-05	6.61551e-05	5.69683e-06	5.391e-10	1.20492e-10	2.15982e-06	0.870279	0.0003746	1.94496e-06	2.99266e-12	9.11894e-17	2.90883e-18	4.11718e-18	1.18188e-19	9.37732e-19	3.02204e-19	6.93205e-22	1.91364e-26	2.32567e-27	3.21858e-29	6.67474e-30	3.77752e-33	2.48901e-31	3.9689e-33	1.59465e-33	1.41452e-37	8.56289e-40	5.89891e-42	1.49859e-42	
N6	6.13517e-28	3.06885e-21	3.47565e-15	3.20609e-14	1.74873e-11	4.10732e-08	2.2122e-08	8.17535e-08	0.0904125	6.89513e-08	1.08199e-12	3.49957e-07	5.99475e-06	7.37676e-06	1.26888e-10	1.8892e-10	9.76419e-07	0.902152	0.00742038	4.54242e-08	1.63762e-12	8.37371e-19	1.44454e-23	1.67848e-22	6.32246e-22	1.7981e-20	1.47709e-19	9.63456e-22	1.2311e-27	4.85988e-33	7.7427e-39	5.39086e-43	4.30824e-48	4.30599e-51	6.48595e-56	2.61464e-59	1.26842e-66	2.70487e-72	1.84201e-77	1.74114e-81	
CENT44	0	0	0	0	0	0	0	0	0	0	0	0	0	0	0	0	0	0	0	0	0	0	0	0	0	0	0	1	0	0	0	0	0	0	0	0	0	0	0	0	
CENT53	0	0	0	0	0	0	0	0	0	0	0	0	0	0	0	0	0	1	0	0	0	0	0	0	0	0	0	0	0	0	0	0	0	0	0	0	0	0	0	0	
CENT75	0	0	0	0	0	0	0	0	0	0	0	0	0	0	0	0	0	0	0	0	0	0	0	0	0	0	1	0	0	0	0	0	0	0	0	0	0	0	0	0	
N7	1.21409e-17	3.97773e-13	1.63112e-08	7.43225e-09	0.0115143	5.64157e-07	0.000182131	3.23918e-08	0.000262241	0.987996	4.48003e-05	1.81027e-07	1.91299e-07	2.95055e-10	3.66443e-14	2.37903e-18	9.8852e-20	6.24736e-19	2.66411e-20	2.15016e-20	9.52355e-25	1.03492e-28	4.95387e-33	1.8429e-36	2.63251e-41	1.00072e-44	8.9719e-49	4.56956e-53	3.72732e-58	8.30087e-62	3.38037e-67	3.45772e-71	2.15811e-76	2.44915e-80	1.09815e-84	2.54533e-88	5.66382e-94	1.78414e-98	1.00861e-102	2.33043e-106	
CENT25	0	0	0	0	0	0	0	0	0	0	0	0	0	0	0	0	0	0	0	1	0	0	0	0	0	0	0	0	0	0	0	0	0	0	0	0	0	0	0	0	
CENT29	0	0	0	0	0	0	0	0	0	1	0	0	0	0	0	0	0	0	0	0	0	0	0	0	0	0	0	0	0	0	0	0	0	0	0	0	0	0	0	0	
CENT72	0	0	0	0	0	0	0	0	0	0	0	0	0	0	0	0	0	0	0	0	0	0	0	0	0	0	0	1	0	0	0	0	0	0	0	0	0	0	0	0	
N8	5.70706e-09	6.78526e-07	0.000339913	3.96578e-05	0.838118	0.000151777	0.00169417	1.40875e-05	8.44363e-05	0.159401	0.000154281	1.66025e-06	1.30478e-09	6.05289e-11	2.88817e-13	2.99815e-16	3.04374e-20	3.4772e-22	3.97838e-25	1.12779e-26	5.12735e-31	4.01992e-34	1.4158e-37	3.53239e-40	1.12038e-44	2.97967e-47	4.17663e-50	2.4298e-52	4.0196e-56	4.52224e-58	1.62207e-62	5.15385e-65	2.80876e-69	1.31104e-72	5.7365e-76	4.634e-78	2.06696e-82	1.14634e-84	1.7202e-87	2.01938e-89	
N9	6.17081e-21	9.14716e-16	2.36352e-10	1.20744e-10	0.00167791	2.03865e-09	1.11156e-05	2.61962e-10	2.70946e-06	0.998303	5.40729e-06	2.99511e-09	1.1842e-09	5.54168e-13	2.16171e-17	1.23537e-22	1.28442e-24	2.79989e-24	1.20809e-24	1.10895e-24	5.33798e-30	7.11019e-35	3.33549e-40	4.49868e-45	3.55455e-51	3.66832e-56	2.19207e-61	2.42271e-66	4.23115e-72	3.82298e-77	9.75528e-84	1.73811e-89	3.10411e-96	8.25994e-103	3.46105e-53	2.58966e-55	1.49693e-58	1.00323e-60	3.88265e-63	2.32646e-65	
CENT17	0	0	0	0	0	0	0	0	0	1	0	0	0	0	0	0	0	0	0	0	0	0	0	0	0	0	0	0	0	0	0	0	0	0	0	0	0	0	0	0	
CENT74	0	0	0	0	0	0	0	0	0	0	0	0	0	0	0	0	0	0	0	1	0	0	0	0	0	0	0	0	0	0	0	0	0	0	0	0	0	0	0	0	
N10	3.17522e-16	4.20773e-12	8.91652e-08	4.32074e-08	0.0459019	3.57872e-07	0.000155456	2.88106e-08	1.9324e-05	0.953872	5.11787e-05	9.74139e-09	3.34948e-13	1.85217e-16	2.10514e-20	4.82959e-25	2.44671e-30	3.36682e-34	1.30028e-38	2.89688e-42	6.35049e-48	1.00509e-52	7.26356e-58	2.12579e-62	2.81947e-68	6.49394e-57	4.78908e-56	4.04194e-54	2.74201e-56	1.17882e-53	1.58829e-56	3.54518e-58	7.49527e-61	5.61978e-63	1.20635e-63	7.62827e-65	2.12299e-67	1.4287e-68	4.49524e-70	3.67798e-71	
CENT32	0	0	0	0	0	0	0	0	0	1	0	0	0	0	0	0	0	0	0	0	0	0	0	0	0	0	0	0	0	0	0	0	0	0	0	0	0	0	0	0	
N11	1.26866e-20	2.01161e-15	6.13886e-10	3.09245e-10	0.013691	2.96525e-09	8.23025e-06	1.60719e-10	1.01046e-06	0.986296	3.36514e-06	1.22625e-11	2.00228e-16	1.71471e-19	1.1959e-22	7.84903e-29	4.80072e-34	6.57436e-38	2.09263e-42	8.39001e-42	6.23864e-48	6.08934e-52	3.96223e-57	2.37119e-62	1.32091e-68	1.47095e-59	7.18774e-59	6.74704e-57	1.83922e-59	6.59854e-56	3.16424e-60	2.48454e-62	7.8964e-65	2.37333e-67	7.22767e-69	1.10822e-69	7.6118e-74	2.25923e-74	2.18118e-76	8.16254e-77	
N12	4.53765e-22	9.40153e-17	3.24e-11	3.41524e-10	0.00319253	2.68728e-09	2.1213e-06	4.91764e-10	4.886e-06	0.996792	8.8743e-06	2.0992e-10	1.5472e-10	8.61737e-13	1.16467e-14	2.63432e-20	2.00946e-22	6.79802e-22	5.56427e-22	3.8108e-18	4.7471e-22	1.03158e-24	5.99991e-27	5.39659e-31	3.40708e-35	1.7174e-37	1.33186e-40	1.4848e-43	7.88172e-47	7.96279e-49	2.24692e-54	1.92164e-58	1.34698e-62	1.00268e-66	5.71789e-71	9.24446e-74	5.01866e-79	2.24084e-81	4.7614e-85	1.90733e-87	
N13	4.13682e-26	6.39417e-20	1.62729e-13	1.1722e-12	8.09905e-05	1.10259e-11	6.13995e-08	2.488e-12	7.46337e-07	0.999917	1.35536e-06	6.92884e-12	1.42073e-11	2.04635e-14	5.61421e-17	3.15329e-23	2.71026e-25	1.28178e-23	6.95317e-21	6.12692e-18	7.95829e-21	3.707e-23	2.52484e-23	1.62709e-26	1.62996e-29	1.36219e-30	2.24302e-32	1.07345e-33	2.26024e-35	3.21888e-36	5.81505e-40	1.07854e-42	1.25715e-45	3.08535e-48	7.43204e-51	4.84557e-52	7.90045e-55	1.00124e-55	8.80263e-58	7.65897e-59	
CENT26	0	0	0	0	0	0	0	0	0	0	0	0	0	0	0	0	0	0	0	1	0	0	0	0	0	0	0	0	0	0	0	0	0	0	0	0	0	0	0	0	
N14	2.50807e-28	3.62533e-22	2.07706e-15	5.39642e-14	1.04498e-05	5.08927e-13	3.23933e-09	2.30772e-13	2.95229e-07	0.999989	5.37927e-07	1.35893e-12	1.23671e-11	3.23721e-15	2.21827e-17	2.36802e-24	3.86319e-26	5.61437e-25	1.84373e-23	2.09314e-22	1.79968e-28	9.41127e-35	5.1946e-40	1.4446e-46	2.96731e-52	2.18271e-55	2.67818e-60	1.50068e-63	5.3734e-68	3.6652e-71	2.83978e-78	6.69301e-84	9.91554e-91	1.22164e-96	3.1604e-102	7.0019e-106	4.51844e-111	2.40224e-114	1.89882e-119	6.07457e-123	
CENT37	0	0	0	0	0	0	0	0	0	1	0	0	0	0	0	0	0	0	0	0	0	0	0	0	0	0	0	0	0	0	0	0	0	0	0	0	0	0	0	0	
CENT41	0	0	0	0	0	0	0	0	0	0	0	0	0	0	0	0	0	0	0	1	0	0	0	0	0	0	0	0	0	0	0	0	0	0	0	0	0	0	0	0	
CENT59	0	0	0	0	0	0	0	0	0	0	0	0	0	0	0	0	0	0	0	1	0	0	0	0	0	0	0	0	0	0	0	0	0	0	0	0	0	0	0	0	
N15	2.17639e-23	1.17195e-17	9.88256e-12	1.07661e-10	0.00303053	7.29566e-10	1.27517e-06	9.67947e-11	1.5886e-06	0.996963	3.86729e-06	5.48047e-12	4.87546e-16	1.14673e-19	2.18281e-22	7.04628e-29	3.41861e-34	6.16672e-38	2.13505e-42	2.34459e-45	3.02465e-52	3.01241e-57	1.28961e-62	2.05705e-68	3.23801e-72	9.84945e-74	6.0233e-76	7.14554e-78	4.24804e-80	7.87642e-81	2.55448e-85	3.83949e-88	4.79747e-91	8.03843e-94	4.12677e-96	1.62366e-97	1.46583e-101	2.00925e-102	9.98143e-105	1.21321e-105	
N16	2.01704e-24	1.44224e-18	1.58146e-12	1.44113e-11	0.000353544	1.01389e-10	2.11663e-07	1.99973e-11	1.9053e-06	0.99964	4.56278e-06	4.36413e-12	5.28674e-16	7.45895e-20	8.64532e-23	2.65351e-29	1.22234e-34	1.59488e-38	4.00089e-43	2.01053e-46	2.87913e-53	1.95294e-58	5.68899e-64	1.67337e-70	8.74176e-77	1.89436e-67	1.77879e-66	1.08769e-64	1.16411e-66	3.50302e-63	2.68764e-67	5.48721e-70	1.2014e-72	2.78218e-75	4.89841e-76	2.66877e-77	6.27862e-81	9.38028e-82	8.22674e-84	1.15438e-84	
CENT5	0	0	0	0	0	0	0	0	0	1	0	0	0	0	0	0	0	0	0	0	0	0	0	0	0	0	0	0	0	0	0	0	0	0	0	0	0	0	0	0	
N17	9.95608e-28	3.26236e-21	1.68714e-14	3.00933e-13	4.22077e-05	2.08421e-12	1.14948e-08	4.15164e-13	3.25255e-07	0.999957	8.17807e-07	1.19942e-13	5.97402e-18	3.05686e-22	2.99708e-25	1.42359e-32	2.31823e-38	2.29804e-38	1.93662e-40	8.45948e-41	2.12276e-45	6.62113e-48	4.56388e-49	2.9388e-53	7.64495e-57	2.28478e-58	1.30483e-60	1.13156e-62	7.68643e-65	1.93537e-65	4.05844e-70	4.88832e-73	7.14107e-76	9.43395e-79	8.71401e-82	3.45068e-83	1.90164e-87	3.40996e-88	1.55422e-90	2.50937e-91	
N18	1.1879e-28	4.21011e-22	2.36936e-15	8.4941e-14	1.22124e-05	6.30009e-13	2.38376e-09	3.53911e-13	3.82239e-07	0.999986	9.27675e-07	1.47713e-13	1.69582e-17	1.94489e-21	8.14231e-24	4.76221e-31	1.81972e-36	2.16302e-40	4.68294e-45	8.6903e-48	2.60854e-55	1.66671e-60	4.34551e-66	2.85152e-73	1.27724e-79	7.66884e-84	7.84215e-89	1.21685e-93	1.42529e-98	1.08221e-101	1.93239e-109	3.45501e-115	7.29831e-121	1.36769e-126	1.73699e-132	9.67568e-137	3.83302e-144	1.64526e-147	9.01186e-153	3.14085e-156	
CENT14	0	0	0	0	0	0	0	0	0	1	0	0	0	0	0	0	0	0	0	0	0	0	0	0	0	0	0	0	0	0	0	0	0	0	0	0	0	0	0	0	
CENT34	0	0	0	0	0	0	0	0	0	1	0	0	0	0	0	0	0	0	0	0	0	0	0	0	0	0	0	0	0	0	0	0	0	0	0	0	0	0	0	0	
CENT33	0	0	0	0	0	0	0	0	0	1	0	0	0	0	0	0	0	0	0	0	0	0	0	0	0	0	0	0	0	0	0	0	0	0	0	0	0	0	0	0	
N19	1.81584e-26	4.38397e-20	1.66555e-13	1.76328e-12	0.000166665	1.33471e-11	8.01586e-08	2.26785e-12	5.41857e-07	0.999831	1.30703e-06	3.71254e-13	1.67008e-17	1.08862e-21	7.93493e-25	1.06791e-31	2.5687e-37	1.81619e-41	5.92096e-44	1.75796e-43	1.83669e-49	6.5281e-54	3.52136e-56	4.6016e-59	6.88463e-62	9.48521e-60	1.29899e-57	1.31908e-49	3.09971e-49	1.23485e-38	1.6833e-40	7.91117e-41	3.96479e-41	2.11539e-41	2.88354e-37	3.99989e-36	1.81994e-37	8.27011e-36	1.78333e-35	7.69397e-34	
N20	6.22703e-29	3.68999e-22	3.37287e-15	6.60344e-14	1.49469e-05	4.5221e-13	3.4453e-09	1.17649e-13	1.93084e-07	0.999984	4.78886e-07	4.04024e-14	1.75367e-18	1.45719e-22	7.10487e-24	1.17196e-30	3.9948e-36	1.12596e-36	1.09229e-38	4.9179e-39	1.10117e-43	3.08485e-46	1.61329e-47	1.04943e-51	2.99322e-55	4.75313e-50	7.21263e-47	1.50613e-43	4.94124e-43	6.3888e-37	4.56636e-39	2.06353e-39	1.07994e-39	5.60426e-40	3.61257e-38	5.67584e-37	1.35267e-38	1.16111e-36	2.44579e-36	1.97443e-34	
N21	3.29487e-28	6.82008e-22	2.16966e-15	6.29435e-14	4.62855e-06	4.51905e-13	1.0938e-09	9.66739e-13	7.14914e-07	0.999993	1.70882e-06	5.00898e-13	8.56162e-17	1.43826e-20	6.66553e-23	7.28239e-30	3.90298e-35	6.80172e-39	2.17825e-43	4.43646e-46	2.52695e-53	2.25041e-58	8.76911e-64	1.05722e-70	6.7088e-77	5.86351e-81	8.68901e-86	2.00582e-90	3.40731e-95	2.84144e-98	9.63087e-106	2.45878e-111	7.22802e-117	1.96603e-122	3.85281e-128	2.91308e-132	2.25394e-139	1.07893e-142	8.57869e-148	3.30547e-151	
CENT16	0	0	0	0	0	0	0	0	0	1	0	0	0	0	0	0	0	0	0	0	0	0	0	0	0	0	0	0	0	0	0	0	0	0	0	0	0	0	0	0	
CENT6	0	0	0	0	0	0	0	0	0	1	0	0	0	0	0	0	0	0	0	0	0	0	0	0	0	0	0	0	0	0	0	0	0	0	0	0	0	0	0	0	
N22	1.11861e-28	3.4494e-22	3.35513e-16	8.51787e-14	9.74892e-07	6.26031e-14	7.09679e-10	9.28192e-11	3.88932e-07	0.999998	8.07415e-07	1.15695e-12	4.55245e-12	2.45032e-13	1.5602e-11	5.38934e-18	4.67713e-23	4.5284e-25	4.79707e-25	8.45415e-24	4.82105e-30	1.21885e-34	1.11164e-39	3.89466e-46	1.13621e-50	4.97459e-50	3.17206e-50	2.34974e-50	8.39299e-51	5.00034e-50	4.04949e-56	8.97224e-61	1.59953e-65	2.15031e-70	1.84026e-75	4.82166e-79	1.87424e-85	1.88419e-88	4.43659e-93	3.31739e-96	
CENT28	0	0	0	0	0	0	0	0	0	0	0	0	0	0	0	0	0	0	0	0	0	0	0	0	0	0	0	0	0	1	0	0	0	0	0	0	0	0	0	0	
CENT36	0	0	0	0	0	0	0	0	0	1	0	0	0	0	0	0	0	0	0	0	0	0	0	0	0	0	0	0	0	0	0	0	0	0	0	0	0	0	0	0	
N23	4.13435e-29	2.12103e-22	1.79541e-15	2.93321e-14	6.89647e-06	2.59289e-13	2.28424e-09	1.10958e-13	2.11651e-07	0.999992	3.9254e-07	6.16205e-13	3.04665e-12	3.62617e-15	1.67145e-17	2.56971e-24	2.64254e-26	1.89421e-24	4.07878e-22	1.929e-18	4.66881e-22	6.13397e-24	2.31906e-24	4.36515e-28	2.48248e-31	1.57924e-32	1.72254e-34	2.80824e-36	3.25761e-38	1.12038e-38	4.27435e-43	7.51705e-46	1.50402e-48	2.8672e-51	4.14407e-54	2.09233e-55	1.98523e-59	4.28556e-60	2.68823e-62	5.08546e-63	
N24	1.3759e-28	4.83757e-23	2.63507e-16	8.60247e-15	1.27212e-06	7.73558e-14	2.93091e-10	2.42805e-13	3.70942e-07	0.999998	6.69775e-07	1.65694e-12	6.88369e-12	5.44603e-15	6.50943e-17	8.71829e-24	1.28682e-25	1.02053e-24	1.6385e-23	2.22641e-22	2.13437e-28	4.0212e-34	5.21629e-39	1.74391e-45	3.34926e-51	1.57536e-54	3.51666e-59	1.68749e-62	9.10146e-67	9.99041e-70	9.15095e-77	2.64949e-82	1.13031e-88	3.99454e-94	1.33726e-99	2.2561e-103	8.60529e-109	7.37137e-112	9.206e-117	4.53229e-120	
CENT9	0	0	0	0	0	0	0	0	0	1	0	0	0	0	0	0	0	0	0	0	0	0	0	0	0	0	0	0	0	0	0	0	0	0	0	0	0	0	0	0	
CENT46	0	0	0	0	0	0	0	0	0	0	0	0	0	0	0	0	0	0	0	1	0	0	0	0	0	0	0	0	0	0	0	0	0	0	0	0	0	0	0	0	
N25	9.87586e-33	7.40431e-26	9.85368e-19	1.20609e-17	5.09436e-09	1.48478e-16	2.79281e-12	1.27908e-15	5.48452e-09	0.0386778	7.43273e-09	4.85025e-13	1.18463e-07	2.57092e-10	7.30633e-13	9.08943e-20	1.93672e-17	1.90891e-11	1.59976e-06	0.961317	3.04216e-06	2.01069e-10	3.14851e-15	2.17553e-21	3.00134e-27	3.63796e-31	6.8671e-36	1.71296e-40	2.68969e-45	8.38339e-49	4.63036e-56	7.85901e-62	1.33086e-67	1.93717e-73	1.9463e-79	5.21929e-84	3.21206e-91	2.07144e-95	4.16724e-101	1.43418e-105	
CENT3	0	0	0	0	0	0	0	0	0	0	0	0	0	0	0	0	0	0	0	1	0	0	0	0	0	0	0	0	0	0	0	0	0	0	0	0	0	0	0	0	
CENT23	0	0	0	0	0	0	0	0	0	0	0	0	0	0	0	0	0	0	0	1	0	0	0	0	0	0	0	0	0	0	0	0	0	0	0	0	0	0	0	0	
