NODE	1	2	3	4	5	6	7	8	9	10	11	12	13	14	15	16	17	18	19	20	21	22	23	24	25	26	27	28	29	30	31	32	33	34	35	36	37	38	39	40	
N1	0.000553171	0.0159819	0.397171	0.0160876	0.392317	0.0433943	0.000975308	2.22847e-05	0.133497	4.29079e-19	1.42635e-37	2.5343e-56	7.19974e-72	1.68266e-77	3.19635e-79	2.14849e-78	1.09236e-77	2.39407e-77	1.42335e-77	4.49236e-81	3.46235e-80	2.26454e-79	1.23869e-78	5.55316e-78	2.098e-77	6.8822e-77	9.9451e-77	6.76073e-77	4.35849e-85	1.45392e-93	2.52458e-97	3.45685e-97	8.45529e-89	1.80476e-45	1.50333e-43	1.80734e-42	1.99476e-41	3.79041e-41	1.17736e-40	1.44126e-40	
N2	8.13974e-07	0.000178604	0.0248858	0.00629479	0.130333	0.198238	0.020259	0.0123855	0.607425	5.53774e-11	4.01575e-20	6.27991e-29	7.68583e-36	6.6524e-35	1.95837e-37	1.37507e-36	2.20818e-36	3.18339e-35	6.74498e-36	6.08832e-40	2.35785e-39	2.46118e-38	1.17282e-37	2.29059e-36	2.10102e-36	1.32745e-35	6.12969e-35	1.15627e-34	8.26043e-44	2.03487e-51	5.69926e-61	6.64405e-55	3.079e-63	1.42207e-71	4.64385e-81	4.89005e-89	5.09112e-99	2.79643e-108	7.58241e-118	4.17246e-125	
N3	6.77234e-08	4.15842e-05	0.0157698	0.00317705	0.124246	0.122289	0.0199192	0.00348131	0.711076	1.27714e-09	2.48736e-28	1.18191e-46	5.11573e-66	2.18515e-84	1.22463e-104	4.76042e-124	1.13216e-143	6.50706e-162	5.41763e-182	7.88921e-202	1.02124e-220	4.83254e-241	2.7998e-261	1.04148e-279	4.87842e-300	5.39164e-319	0	0	0	0	0	0	0	1.34205e-50	8.64713e-47	3.14433e-40	9.81552e-41	1.34348e-37	7.84536e-36	3.29156e-34	
N4	5.96239e-15	2.91679e-10	5.07873e-06	4.66516e-06	1.92309e-05	0.0091833	2.53247e-06	0.00313754	0.987648	2.91221e-13	1.3603e-21	2.52896e-30	2.12895e-48	8.69866e-56	5.65814e-64	9.09561e-73	7.26972e-82	2.12086e-90	4.60519e-111	4.16017e-130	7.17326e-151	4.82168e-165	7.57e-174	2.01649e-182	6.25365e-192	1.3278e-200	1.18171e-209	7.60813e-226	4.45446e-246	1.50409e-264	2.48689e-255	1.37246e-262	1.63796e-270	1.11862e-280	1.61578e-291	3.45984e-301	1.24853e-309	3.34828e-320	0	0	
CENT22	0	0	0	0	0	0	0	0	1	0	0	0	0	0	0	0	0	0	0	0	0	0	0	0	0	0	0	0	0	0	0	0	0	0	0	0	0	0	0	0	
N5	1.13663e-22	2.65082e-16	1.45365e-10	2.08833e-10	2.11662e-10	1.56821e-05	6.42135e-11	2.6858e-06	0.0446528	1.4037e-11	6.91201e-09	0.000398855	3.8819e-10	5.46101e-14	6.86259e-13	1.75844e-08	1.82233e-06	0.954928	2.0169e-20	2.62218e-31	1.67487e-39	2.89102e-49	2.52221e-58	1.09575e-65	2.6322e-76	2.87865e-32	1.41653e-27	3.60634e-34	9.37395e-45	1.25828e-53	5.0973e-62	5.53206e-71	1.83664e-82	2.4106e-90	1.62732e-101	8.88696e-108	1.74686e-119	6.49232e-130	1.85003e-140	1.26277e-149	
N6	1.69149e-29	1.79024e-21	3.69093e-14	5.70772e-14	2.28072e-12	1.90956e-07	6.78138e-10	8.63356e-09	0.0164098	5.11862e-14	1.88893e-11	1.22997e-05	3.34082e-12	1.33452e-08	1.22797e-15	8.65312e-12	4.07917e-08	0.983578	6.13723e-11	1.96312e-32	1.16196e-44	2.05255e-54	3.90086e-63	2.19617e-69	2.33363e-79	4.02757e-85	8.68184e-93	1.45057e-103	2.69896e-125	3.48578e-147	4.20413e-169	9.39236e-190	2.24513e-212	2.01431e-232	2.88435e-255	4.74763e-271	3.80634e-294	4.50253e-316	0	0	
CENT44	0	0	0	0	0	0	0	0	0	0	0	0	0	0	0	0	0	0	0	0	0	0	0	0	0	0	0	1	0	0	0	0	0	0	0	0	0	0	0	0	
CENT53	0	0	0	0	0	0	0	0	0	0	0	0	0	0	0	0	0	1	0	0	0	0	0	0	0	0	0	0	0	0	0	0	0	0	0	0	0	0	0	0	
CENT75	0	0	0	0	0	0	0	0	0	0	0	0	0	0	0	0	0	0	0	0	0	0	0	0	0	0	1	0	0	0	0	0	0	0	0	0	0	0	0	0	
N7	4.19849e-15	1.31989e-10	3.17939e-06	2.28467e-07	0.00387836	4.7323e-05	0.00125679	7.40229e-07	0.0125892	0.982224	1.28704e-14	9.0076e-22	2.86293e-30	2.10798e-48	2.91798e-57	6.51238e-66	2.93926e-75	3.48744e-82	7.41069e-92	2.67584e-101	5.35946e-121	1.52857e-141	4.83319e-162	2.29855e-181	1.54185e-202	3.76278e-222	2.62262e-242	5.63276e-263	3.68512e-284	1.16513e-304	0	0	0	0	0	0	0	0	0	0	
CENT25	0	0	0	0	0	0	0	0	0	0	0	0	0	0	0	0	0	0	0	1	0	0	0	0	0	0	0	0	0	0	0	0	0	0	0	0	0	0	0	0	
CENT29	0	0	0	0	0	0	0	0	0	1	0	0	0	0	0	0	0	0	0	0	0	0	0	0	0	0	0	0	0	0	0	0	0	0	0	0	0	0	0	0	
CENT72	0	0	0	0	0	0	0	0	0	0	0	0	0	0	0	0	0	0	0	0	0	0	0	0	0	0	0	1	0	0	0	0	0	0	0	0	0	0	0	0	
N8	6.64232e-05	0.00341135	0.143811	0.00771279	0.54041	0.0306381	0.0231479	0.000166558	0.0788457	0.17179	3.43893e-20	3.36472e-37	8.91948e-56	2.27425e-74	9.394e-94	7.26071e-113	7.68721e-133	1.21232e-149	1.38063e-169	1.13014e-188	5.47269e-208	7.43147e-228	1.94396e-247	1.55548e-265	7.0732e-286	3.30979e-304	3.45846e-323	0	0	0	0	0	0	2.98425e-200	6.11698e-54	1.00597e-45	3.36195e-43	2.83536e-43	6.60241e-37	1.34193e-35	
N9	2.18811e-17	1.15469e-12	6.06422e-08	2.96918e-09	0.000932939	1.65027e-07	0.000157535	8.81587e-09	0.000171355	0.998738	9.28592e-16	1.54456e-23	2.27022e-32	2.21836e-52	2.00503e-61	4.94605e-70	4.04734e-79	3.55775e-87	1.08022e-96	1.27703e-105	1.54363e-126	1.43929e-147	5.88904e-169	6.32487e-190	6.11641e-212	2.68105e-233	1.14442e-254	2.19067e-276	1.23024e-298	6.69657e-320	0	0	0	0	4.95076e-174	4.55466e-184	1.72195e-195	1.51666e-206	8.7847e-218	4.72034e-227	
CENT17	0	0	0	0	0	0	0	0	0	1	0	0	0	0	0	0	0	0	0	0	0	0	0	0	0	0	0	0	0	0	0	0	0	0	0	0	0	0	0	0	
CENT74	0	0	0	0	0	0	0	0	0	0	0	0	0	0	0	0	0	0	0	1	0	0	0	0	0	0	0	0	0	0	0	0	0	0	0	0	0	0	0	0	
N10	2.51976e-12	9.66822e-09	3.3033e-05	1.50417e-06	0.0249981	1.8187e-05	0.00260339	3.23032e-07	0.0015437	0.970802	1.12536e-20	5.03545e-40	1.62838e-60	8.07257e-76	1.56589e-85	1.7543e-95	6.94698e-106	5.22942e-114	2.27322e-124	9.54735e-134	5.00406e-144	4.19118e-154	2.48549e-164	1.11218e-173	2.24562e-184	1.24221e-184	8.60551e-192	3.80366e-199	1.04439e-209	6.17505e-216	1.60838e-226	2.17137e-236	9.51529e-247	5.09216e-257	1.29916e-265	1.60282e-274	3.34146e-285	2.25733e-295	1.11946e-305	4.87532e-314	
CENT32	0	0	0	0	0	0	0	0	0	1	0	0	0	0	0	0	0	0	0	0	0	0	0	0	0	0	0	0	0	0	0	0	0	0	0	0	0	0	0	0	
N11	1.74704e-16	7.27991e-12	3.15064e-07	4.09739e-09	0.00489885	1.28228e-07	0.000259186	1.60774e-09	8.06213e-05	0.994761	3.43632e-22	1.32112e-42	1.9668e-51	2.48589e-66	1.45661e-63	3.49567e-63	4.29876e-62	1.77325e-58	1.23503e-58	6.71325e-55	4.14722e-66	7.29833e-76	4.94759e-86	9.15932e-97	2.46518e-108	3.97918e-117	4.65353e-127	3.47937e-137	3.25627e-149	9.13075e-157	6.07452e-55	1.21108e-52	3.78783e-48	3.63375e-46	2.38838e-43	2.9039e-39	5.70319e-41	6.16534e-41	3.72335e-41	5.56382e-38	
N12	2.63137e-20	8.449e-15	3.32634e-09	3.23136e-11	0.000833458	2.8086e-08	3.32466e-05	7.13037e-09	8.23017e-06	0.999125	7.5306e-15	1.27143e-24	5.12895e-23	1.08158e-36	5.0883e-31	3.36733e-29	8.75081e-27	1.32879e-24	9.03181e-24	3.08389e-18	6.60531e-38	1.46864e-56	1.57946e-74	1.65847e-94	8.99255e-115	3.75013e-134	6.31929e-154	2.97452e-173	1.7585e-194	1.96179e-210	9.21233e-232	1.19176e-148	1.00841e-155	7.54927e-163	4.21663e-173	6.93195e-180	2.61496e-191	1.72874e-201	1.29567e-211	1.2237e-217	
N13	2.9184e-28	7.54911e-21	2.92744e-13	2.28298e-15	1.35035e-05	6.74604e-11	4.88771e-07	1.77196e-11	7.62119e-08	0.999986	4.59078e-16	2.76846e-26	1.59106e-35	3.96113e-41	3.0899e-33	1.3297e-29	2.46472e-28	2.85129e-24	9.43157e-24	4.34338e-18	1.26517e-28	6.83461e-39	9.53919e-47	1.03211e-57	8.96019e-69	6.24319e-79	7.23923e-90	3.61554e-100	2.67325e-111	8.0544e-117	3.21243e-128	4.71898e-139	5.88336e-150	9.5464e-161	2.11321e-171	1.91929e-182	4.53451e-194	1.69213e-204	5.17184e-215	5.68894e-221	
CENT26	0	0	0	0	0	0	0	0	0	0	0	0	0	0	0	0	0	0	0	1	0	0	0	0	0	0	0	0	0	0	0	0	0	0	0	0	0	0	0	0	
N14	1.39283e-27	2.22195e-24	8.19331e-16	2.81269e-18	1.21852e-06	2.5477e-12	2.80434e-08	6.32157e-13	3.8628e-09	0.999999	1.22862e-16	6.72448e-27	1.36272e-35	1.12222e-56	4.84232e-61	2.17075e-71	1.45053e-80	1.33645e-90	2.84292e-99	4.31968e-103	5.58672e-125	2.75776e-147	1.00163e-168	3.89556e-191	3.2676e-213	1.1686e-233	6.33693e-256	5.90892e-277	3.17317e-298	1.24546e-313	0	0	0	0	0	0	0	0	0	0	
CENT37	0	0	0	0	0	0	0	0	0	1	0	0	0	0	0	0	0	0	0	0	0	0	0	0	0	0	0	0	0	0	0	0	0	0	0	0	0	0	0	0	
CENT41	0	0	0	0	0	0	0	0	0	0	0	0	0	0	0	0	0	0	0	1	0	0	0	0	0	0	0	0	0	0	0	0	0	0	0	0	0	0	0	0	
CENT59	0	0	0	0	0	0	0	0	0	0	0	0	0	0	0	0	0	0	0	1	0	0	0	0	0	0	0	0	0	0	0	0	0	0	0	0	0	0	0	0	
N15	4.89663e-21	2.72493e-15	1.85346e-09	1.10823e-11	0.000745658	3.82384e-09	2.62346e-05	4.04843e-10	3.50411e-06	0.999225	7.02336e-22	1.0886e-43	1.51537e-64	6.27089e-77	3.89043e-85	5.64877e-97	8.10777e-108	7.60398e-118	8.58633e-130	2.47132e-136	2.0665e-148	8.17674e-159	2.14862e-169	4.73141e-181	1.09809e-192	4.43871e-203	1.06755e-213	6.28867e-224	4.23584e-236	8.12816e-243	4.71638e-251	9.58142e-56	3.18936e-53	1.49898e-47	1.00721e-47	3.92742e-41	1.33181e-42	1.43087e-42	1.22299e-42	1.89833e-38	
N16	8.80167e-27	1.30979e-19	2.79484e-12	1.59123e-14	5.79798e-05	3.06363e-10	1.80862e-06	3.77248e-11	8.26843e-08	0.99994	8.36108e-22	1.19541e-43	9.35202e-66	8.24934e-86	2.09931e-103	1.05754e-125	2.95992e-147	1.55338e-169	3.09026e-192	1.29981e-208	3.09493e-231	2.11488e-252	6.34129e-274	2.4353e-296	9.10262e-319	3.60744e-196	1.73081e-204	1.17398e-211	1.87832e-223	1.89392e-225	3.10295e-237	5.94175e-248	1.65434e-258	3.07338e-269	1.07535e-277	6.79669e-289	1.29865e-300	2.41245e-311	1.082e-321	0	
CENT5	0	0	0	0	0	0	0	0	0	1	0	0	0	0	0	0	0	0	0	0	0	0	0	0	0	0	0	0	0	0	0	0	0	0	0	0	0	0	0	0	
N17	1.25531e-32	5.44149e-24	3.90825e-15	1.21095e-17	4.39936e-06	3.89878e-12	8.82075e-08	4.45545e-13	1.66841e-09	0.999996	1.35977e-22	3.07945e-45	3.01559e-68	7.76362e-73	2.46903e-76	1.35772e-85	1.45962e-96	2.34806e-105	8.08937e-118	3.21197e-122	1.74945e-134	6.92356e-145	1.1759e-153	1.28554e-165	2.77459e-177	6.28553e-188	7.36061e-200	1.93455e-210	8.41085e-223	2.57921e-227	1.16165e-239	1.06657e-250	1.8127e-261	1.84366e-272	2.14613e-283	3.42046e-295	2.46018e-307	3.0656e-318	0	0	
N18	1.61524e-36	6.21188e-27	4.72488e-17	8.45029e-20	9.45303e-07	1.06497e-12	1.37102e-08	1.27158e-13	1.24863e-10	0.999999	1.66575e-22	4.59649e-45	4.94045e-68	9.73948e-89	2.1019e-104	2.12518e-127	4.78662e-149	4.43066e-172	1.4936e-195	6.40758e-210	3.30027e-233	2.04687e-254	5.75266e-276	5.27353e-299	1.57607e-321	0	0	0	0	0	0	0	0	0	0	0	0	0	0	0	
CENT14	0	0	0	0	0	0	0	0	0	1	0	0	0	0	0	0	0	0	0	0	0	0	0	0	0	0	0	0	0	0	0	0	0	0	0	0	0	0	0	0	
CENT34	0	0	0	0	0	0	0	0	0	1	0	0	0	0	0	0	0	0	0	0	0	0	0	0	0	0	0	0	0	0	0	0	0	0	0	0	0	0	0	0	
CENT33	0	0	0	0	0	0	0	0	0	1	0	0	0	0	0	0	0	0	0	0	0	0	0	0	0	0	0	0	0	0	0	0	0	0	0	0	0	0	0	0	
N19	3.81203e-28	1.22738e-20	5.71237e-13	2.54637e-15	2.63159e-05	4.0726e-11	7.47207e-07	5.00258e-12	3.58842e-08	0.999973	2.37762e-22	2.67819e-44	7.92589e-55	2.78458e-65	4.33303e-60	1.8238e-59	4.90456e-58	9.08051e-57	5.12287e-57	5.74769e-51	8.07081e-62	2.62817e-71	1.37936e-72	1.98204e-73	1.89727e-74	9.45681e-63	2.78793e-57	2.71721e-50	9.85055e-52	2.94792e-39	1.10582e-40	7.4189e-41	6.10285e-41	3.74012e-41	2.59883e-36	4.31252e-37	2.24001e-38	1.40062e-38	2.09276e-38	3.93446e-34	
N20	1.40415e-34	1.84779e-25	4.07001e-16	1.05632e-18	1.43566e-06	7.40157e-13	2.5927e-08	8.68804e-14	4.94573e-10	0.999999	8.21718e-23	1.12922e-45	1.24176e-68	5.01631e-73	2.29069e-75	2.18871e-84	3.87669e-95	5.061e-104	1.74903e-116	8.57894e-121	4.67988e-133	2.23707e-143	3.60354e-152	5.32059e-164	1.55396e-175	7.7494e-50	2.68627e-48	1.82622e-45	3.89387e-47	4.18583e-37	8.26638e-39	4.87605e-39	4.05092e-39	2.29881e-39	3.55174e-37	2.88775e-38	1.13877e-39	8.26623e-40	1.44233e-39	9.31919e-35	
N21	2.50416e-38	2.69814e-28	5.79001e-18	1.20123e-20	3.33329e-07	6.89319e-13	4.85015e-09	8.3984e-14	4.26824e-11	1	3.15634e-22	1.64938e-44	3.313e-67	1.32725e-88	1.7203e-103	3.29562e-126	1.07749e-147	1.871e-170	1.18501e-193	3.26958e-208	3.19098e-231	2.86155e-252	1.16223e-273	2.0154e-296	8.93844e-319	0	0	0	0	0	0	0	0	0	0	0	0	0	0	0	
CENT16	0	0	0	0	0	0	0	0	0	1	0	0	0	0	0	0	0	0	0	0	0	0	0	0	0	0	0	0	0	0	0	0	0	0	0	0	0	0	0	0	
CENT6	0	0	0	0	0	0	0	0	0	1	0	0	0	0	0	0	0	0	0	0	0	0	0	0	0	0	0	0	0	0	0	0	0	0	0	0	0	0	0	0	
N22	1.53163e-40	4.66398e-30	3.06752e-19	8.40235e-22	6.39082e-08	1.38845e-13	1.48686e-09	2.78455e-14	1.58096e-11	1	5.75323e-17	5.28742e-27	1.69338e-37	4.16627e-49	5.2863e-52	2.92755e-71	2.4699e-80	1.2736e-90	1.8145e-101	8.90607e-105	8.57509e-127	2.44246e-140	4.09056e-149	3.69928e-159	5.22764e-169	6.10351e-178	2.73741e-188	5.5556e-199	2.59815e-209	4.50373e-212	6.0971e-234	8.33057e-255	1.44755e-275	1.16424e-296	8.80961e-318	0	0	0	0	0	
CENT28	0	0	0	0	0	0	0	0	0	0	0	0	0	0	0	0	0	0	0	0	0	0	0	0	0	0	0	0	0	1	0	0	0	0	0	0	0	0	0	0	
CENT36	0	0	0	0	0	0	0	0	0	1	0	0	0	0	0	0	0	0	0	0	0	0	0	0	0	0	0	0	0	0	0	0	0	0	0	0	0	0	0	0	
N23	2.68867e-35	4.41798e-26	1.28423e-16	4.23991e-19	6.82054e-07	9.189e-13	1.4004e-08	2.39894e-13	5.22944e-10	0.999999	8.95017e-17	2.96116e-27	3.91807e-37	8.01515e-43	9.87003e-34	1.81014e-30	4.42437e-29	1.56947e-25	6.90457e-26	1.06045e-18	5.51354e-30	1.02866e-39	8.46247e-48	2.85774e-59	1.4428e-70	6.54602e-81	1.58583e-92	2.16929e-103	2.37683e-115	1.96983e-119	4.34371e-52	5.50365e-49	2.04811e-45	1.11754e-45	6.7595e-46	9.96252e-43	4.28678e-44	3.69772e-44	6.27686e-44	3.3685e-39	
N24	9.37708e-28	4.89293e-25	7.7786e-19	1.77844e-21	8.99598e-08	2.2027e-13	1.32874e-09	5.68932e-14	4.12788e-11	1	1.88117e-16	7.94709e-27	4.65676e-37	8.13395e-58	1.98235e-60	8.13588e-71	5.38007e-80	1.45612e-90	8.71739e-101	3.50268e-103	5.68741e-125	8.65523e-147	9.91092e-168	4.76878e-190	5.68709e-212	7.29271e-233	2.97955e-255	3.06939e-277	1.54318e-298	2.58799e-312	0	0	0	0	0	0	0	0	0	0	
CENT9	0	0	0	0	0	0	0	0	0	1	0	0	0	0	0	0	0	0	0	0	0	0	0	0	0	0	0	0	0	0	0	0	0	0	0	0	0	0	0	0	
CENT46	0	0	0	0	0	0	0	0	0	0	0	0	0	0	0	0	0	0	0	1	0	0	0	0	0	0	0	0	0	0	0	0	0	0	0	0	0	0	0	0	
N25	3.06386e-45	5.01801e-34	1.81599e-22	7.14087e-25	2.26999e-10	4.58758e-16	4.6828e-12	2.57869e-16	1.56641e-13	0.0259804	4.57005e-13	2.22327e-10	2.82165e-08	3.12355e-29	8.97626e-21	1.18878e-17	8.36343e-14	3.7881e-11	2.90536e-09	0.97402	5.24154e-22	3.56191e-42	5.77998e-63	5.73424e-85	5.60031e-107	3.81478e-128	1.62754e-150	2.11079e-173	1.5815e-195	1.39919e-210	1.28819e-233	1.36005e-255	2.24509e-277	1.94866e-299	1.63042e-321	0	0	0	0	0	
CENT3	0	0	0	0	0	0	0	0	0	0	0	0	0	0	0	0	0	0	0	1	0	0	0	0	0	0	0	0	0	0	0	0	0	0	0	0	0	0	0	0	
CENT23	0	0	0	0	0	0	0	0	0	0	0	0	0	0	0	0	0	0	0	1	0	0	0	0	0	0	0	0	0	0	0	0	0	0	0	0	0	0	0	0	
