NODE	1	2	3	4	5	6	7	8	9	10	11	12	13	14	15	16	17	18	19	20	21	22	23	24	25	26	27	28	29	30	31	32	33	34	35	36	37	38	39	40	
N1	0.737934	0.206705	0.0361815	0.0138456	0.00486078	0.000429297	3.1156e-05	5.21407e-06	4.1614e-06	2.41093e-06	4.26558e-07	2.88922e-08	1.07125e-09	2.85154e-11	5.95533e-13	1.66843e-17	1.77223e-18	1.58811e-19	1.21206e-20	7.99571e-22	4.63005e-23	2.38733e-24	1.10998e-25	4.70481e-27	1.8352e-28	6.64151e-30	2.24564e-31	7.13752e-33	2.14388e-34	6.114e-36	1.66229e-37	4.32439e-39	1.07991e-40	2.59631e-42	6.02511e-44	1.3529e-45	2.9468e-47	6.25253e-49	1.31356e-50	3.00512e-52	
N2	0.0301359	0.208764	0.108768	0.41817	0.0478372	0.0496115	0.0305517	0.0908524	0.011808	0.0028918	0.000200308	0.000313301	4.95775e-05	3.80022e-05	6.79111e-06	2.10972e-06	2.5659e-08	1.67072e-09	2.94423e-11	2.38345e-12	1.83458e-14	1.42997e-15	6.43107e-17	1.15314e-17	2.08367e-19	8.76791e-20	1.93887e-20	1.26472e-20	1.00679e-21	2.64007e-22	2.06453e-23	2.79327e-24	1.62773e-26	1.33153e-27	3.31101e-29	2.73475e-30	6.99953e-32	5.17158e-33	2.98622e-34	1.99085e-35	
N3	0.00933617	0.110929	0.0797493	0.427446	0.121384	0.0650542	0.0315905	0.0985043	0.0381244	0.0161462	0.00111458	0.000590857	2.38755e-05	5.73047e-06	4.21317e-07	7.19244e-08	8.24558e-10	3.76141e-11	3.05241e-13	2.69967e-14	1.00693e-16	9.26806e-18	2.71241e-19	3.51038e-20	1.56817e-22	1.40405e-23	3.52977e-25	2.85268e-26	3.63372e-28	2.28763e-29	4.67083e-31	2.53463e-32	5.96078e-35	2.46125e-36	1.77594e-38	9.65201e-40	6.33212e-42	4.55328e-43	3.07281e-44	2.24743e-45	
N4	3.42365e-07	0.000115512	0.000639946	0.021242	0.0069	0.0102507	0.270972	0.589201	0.0985483	0.00194671	1.89825e-05	6.47658e-05	4.11066e-05	5.74482e-05	1.89327e-06	7.58129e-08	2.50347e-10	2.80755e-12	8.89545e-15	6.87645e-17	6.04128e-20	2.69538e-22	4.27483e-25	7.48154e-27	1.7583e-27	3.17651e-27	1.1726e-27	7.91656e-29	4.49256e-31	7.67022e-33	3.88374e-35	3.22927e-37	2.40136e-40	1.41939e-42	3.14062e-45	1.54943e-47	2.79748e-50	1.30255e-52	4.31388e-55	1.58721e-57	
CENT22	0	0	0	0	0	0	0	0	1	0	0	0	0	0	0	0	0	0	0	0	0	0	0	0	0	0	0	0	0	0	0	0	0	0	0	0	0	0	0	0	
N5	1.04773e-11	6.19794e-08	1.71719e-06	0.000277106	8.74172e-06	0.000580626	0.726487	0.188341	0.00526557	9.86712e-06	1.48659e-06	2.5868e-06	4.44433e-05	0.0378002	0.0162076	0.0244053	0.000458694	0.000107629	4.59859e-08	6.05222e-10	1.35755e-13	6.91743e-13	7.08221e-14	5.59406e-13	5.69742e-13	1.41949e-10	3.12588e-09	1.16296e-08	4.5658e-11	7.19697e-12	1.03908e-13	4.55814e-15	6.00546e-19	1.32614e-20	4.72958e-23	6.42859e-25	1.39109e-29	1.13398e-31	2.08784e-34	1.65962e-36	
N6	8.00603e-16	4.97347e-11	1.32804e-08	4.8092e-06	3.15308e-06	5.33545e-05	0.693886	0.204575	0.00957552	6.01746e-07	3.51923e-07	4.81567e-06	4.14356e-05	0.0330538	0.0229915	0.0331366	0.00201679	0.000656093	6.45099e-08	2.73457e-10	5.2572e-14	8.80842e-15	3.47443e-14	2.27841e-12	2.67663e-11	6.79203e-10	5.19461e-09	1.1614e-08	2.94757e-12	9.40257e-15	2.85791e-18	8.36151e-21	1.04288e-25	1.99226e-28	7.32329e-33	4.82602e-35	1.85424e-38	1.45222e-40	7.61928e-43	2.51162e-45	
CENT44	0	0	0	0	0	0	0	0	0	0	0	0	0	0	0	0	0	0	0	0	0	0	0	0	0	0	0	1	0	0	0	0	0	0	0	0	0	0	0	0	
CENT53	0	0	0	0	0	0	0	0	0	0	0	0	0	0	0	0	0	1	0	0	0	0	0	0	0	0	0	0	0	0	0	0	0	0	0	0	0	0	0	0	
CENT75	0	0	0	0	0	0	0	0	0	0	0	0	0	0	0	0	0	0	0	0	0	0	0	0	0	0	1	0	0	0	0	0	0	0	0	0	0	0	0	0	
N7	3.35951e-08	8.88965e-06	1.5846e-05	0.00149181	0.104941	0.000538469	2.9608e-06	0.000269838	0.0175192	0.857711	0.0170165	0.000482954	2.02628e-06	2.3683e-08	9.77166e-11	7.04805e-11	3.10529e-11	4.39752e-11	1.21911e-11	8.82805e-12	5.08684e-14	1.18192e-15	7.96734e-18	1.12826e-19	1.85513e-22	1.67718e-24	5.79184e-27	3.97166e-29	5.96048e-32	3.34299e-34	7.30407e-37	2.96525e-39	1.17145e-42	4.202e-45	5.44361e-48	2.06283e-50	2.93205e-53	1.26337e-55	4.3792e-58	1.5651e-60	
CENT25	0	0	0	0	0	0	0	0	0	0	0	0	0	0	0	0	0	0	0	1	0	0	0	0	0	0	0	0	0	0	0	0	0	0	0	0	0	0	0	0	
CENT29	0	0	0	0	0	0	0	0	0	1	0	0	0	0	0	0	0	0	0	0	0	0	0	0	0	0	0	0	0	0	0	0	0	0	0	0	0	0	0	0	
CENT72	0	0	0	0	0	0	0	0	0	0	0	0	0	0	0	0	0	0	0	0	0	0	0	0	0	0	0	1	0	0	0	0	0	0	0	0	0	0	0	0	
N8	0.230122	0.402079	0.10924	0.166101	0.0597247	0.0230371	0.00110574	0.00319039	0.00104825	0.00260645	0.000580241	0.00110523	3.90059e-05	1.65577e-05	2.33158e-06	1.60298e-06	1.5672e-08	2.14929e-09	6.48441e-11	2.07309e-11	1.62507e-13	2.93981e-14	1.86845e-15	4.49174e-16	1.62883e-18	1.54137e-19	3.78873e-21	7.83912e-22	1.05906e-23	2.01828e-24	1.13732e-25	1.76277e-26	2.92337e-29	2.57762e-30	4.08487e-32	5.94907e-33	6.23743e-35	9.39783e-36	9.61718e-37	1.46416e-37	
N9	4.60301e-12	8.79736e-09	1.39526e-08	1.19848e-05	0.00960921	4.38645e-06	2.2903e-09	2.11461e-06	0.00156921	0.986307	0.00248975	6.01651e-06	2.65033e-09	2.55073e-12	1.72977e-15	2.70314e-15	1.70011e-15	2.57489e-15	1.22507e-15	7.4952e-16	8.91033e-19	1.79505e-21	1.20251e-24	1.28954e-27	2.71059e-31	1.88686e-34	5.94511e-38	3.39475e-41	6.54278e-45	2.77963e-48	5.41013e-52	1.79929e-55	1.4942e-59	4.6757e-63	9.25507e-67	2.71439e-70	5.66258e-74	1.40213e-77	2.93204e-81	5.87909e-85	
CENT17	0	0	0	0	0	0	0	0	0	1	0	0	0	0	0	0	0	0	0	0	0	0	0	0	0	0	0	0	0	0	0	0	0	0	0	0	0	0	0	0	
CENT74	0	0	0	0	0	0	0	0	0	0	0	0	0	0	0	0	0	0	0	1	0	0	0	0	0	0	0	0	0	0	0	0	0	0	0	0	0	0	0	0	
N10	1.23191e-06	0.000158807	0.000168018	0.00948729	0.290901	0.00277669	9.7224e-06	0.000392895	0.0162947	0.657745	0.021216	0.000844921	3.26032e-06	3.84911e-08	1.58407e-10	1.3364e-12	1.16463e-15	4.28769e-18	5.62715e-21	2.38026e-23	1.55876e-26	4.94101e-29	6.48969e-32	1.92981e-34	6.91118e-38	1.57416e-40	1.55614e-43	3.94847e-46	2.65646e-49	5.70453e-52	5.22346e-55	9.19641e-58	1.81619e-61	2.94673e-64	2.23913e-67	4.02209e-70	3.88912e-73	6.66982e-76	9.50727e-79	1.43749e-81	
CENT32	0	0	0	0	0	0	0	0	0	1	0	0	0	0	0	0	0	0	0	0	0	0	0	0	0	0	0	0	0	0	0	0	0	0	0	0	0	0	0	0	
N11	4.84367e-09	2.81645e-06	3.53175e-06	0.000866316	0.173894	0.00019274	9.46031e-08	1.64687e-05	0.00458406	0.811906	0.00846945	6.41522e-05	3.69324e-08	6.70728e-11	3.30357e-14	6.68575e-16	1.02078e-19	1.80128e-21	8.44881e-25	5.94026e-26	1.23849e-29	3.41691e-31	7.29191e-35	1.60822e-36	7.12588e-41	5.47378e-43	4.27415e-47	5.20789e-49	1.52627e-53	1.27873e-55	9.86276e-59	1.29244e-60	1.18353e-65	8.56065e-68	1.03874e-70	9.62361e-73	1.0904e-77	9.74619e-80	1.67013e-82	1.22263e-84	
N12	3.55379e-11	3.70113e-08	1.88245e-07	0.000108798	0.0670862	6.55767e-05	4.67667e-08	5.98882e-06	0.00437259	0.918655	0.00967618	2.90865e-05	1.61069e-08	7.13851e-11	1.98184e-13	3.02563e-13	2.60976e-13	1.63666e-12	8.62097e-13	1.33141e-12	2.91092e-15	2.42846e-16	4.01245e-19	3.29503e-20	1.80809e-23	4.89309e-25	3.80851e-28	3.41613e-29	1.66144e-32	1.20712e-33	1.40922e-35	7.63836e-37	5.83765e-40	2.68908e-41	2.13316e-43	6.65235e-45	5.83099e-48	1.72608e-49	1.1626e-51	2.4149e-53	
N13	1.59085e-16	2.55767e-12	1.11659e-10	6.58254e-07	0.00366548	4.71113e-07	7.02769e-11	1.01229e-07	0.000731419	0.994104	0.00149733	4.8237e-07	4.24257e-11	1.9128e-14	1.2736e-17	2.29096e-17	2.82547e-17	2.81714e-16	7.40582e-15	1.07786e-13	4.35838e-16	4.18016e-18	1.39748e-21	6.47761e-24	5.23923e-28	1.41281e-30	1.34861e-34	9.86026e-37	9.60793e-41	6.60041e-43	8.31957e-46	4.08596e-48	1.14971e-51	4.39382e-54	3.80938e-57	9.6573e-60	3.87184e-63	7.04888e-66	4.07359e-69	4.84038e-72	
CENT26	0	0	0	0	0	0	0	0	0	0	0	0	0	0	0	0	0	0	0	1	0	0	0	0	0	0	0	0	0	0	0	0	0	0	0	0	0	0	0	0	
N14	3.65045e-19	1.83124e-14	3.14931e-12	5.13267e-08	0.000812904	3.69057e-08	2.73167e-12	1.5595e-08	0.000314278	0.998252	0.000620589	6.39575e-08	2.31071e-12	2.89287e-16	4.00225e-19	1.04819e-17	1.20858e-16	3.38677e-15	3.06756e-14	8.79469e-14	3.37248e-17	1.55819e-20	7.81902e-25	3.28107e-28	4.07545e-33	5.3163e-36	3.86261e-41	2.9191e-43	6.42107e-48	1.22002e-49	1.48968e-52	2.15285e-54	4.6401e-58	5.31021e-60	5.04173e-63	3.97989e-65	2.39185e-68	1.32834e-70	7.14133e-74	2.75452e-76	
CENT37	0	0	0	0	0	0	0	0	0	1	0	0	0	0	0	0	0	0	0	0	0	0	0	0	0	0	0	0	0	0	0	0	0	0	0	0	0	0	0	0	
CENT41	0	0	0	0	0	0	0	0	0	0	0	0	0	0	0	0	0	0	0	1	0	0	0	0	0	0	0	0	0	0	0	0	0	0	0	0	0	0	0	0	
CENT59	0	0	0	0	0	0	0	0	0	0	0	0	0	0	0	0	0	0	0	1	0	0	0	0	0	0	0	0	0	0	0	0	0	0	0	0	0	0	0	0	
N15	9.75935e-12	2.02495e-08	6.09555e-08	6.76098e-05	0.0717939	2.82934e-05	8.37855e-09	2.22993e-06	0.00275704	0.920995	0.00434881	6.90339e-06	1.78288e-09	2.76503e-12	2.69971e-15	8.34646e-17	1.06232e-19	1.88911e-21	2.5461e-24	2.64889e-26	1.12981e-30	3.03937e-33	9.89425e-38	2.99425e-40	5.19934e-45	6.96549e-48	1.90553e-52	1.16143e-54	2.89027e-59	2.00734e-61	2.11238e-64	1.31394e-66	5.44655e-71	3.26523e-73	2.99667e-76	1.35937e-78	8.22903e-83	3.95277e-85	3.63856e-88	1.25602e-90	
N16	7.64709e-15	5.81256e-11	3.06173e-09	7.90123e-06	0.0165462	5.89167e-06	1.72332e-09	8.33586e-07	0.00235253	0.977499	0.00358456	2.85842e-06	5.46167e-10	6.8122e-13	7.18239e-16	1.37314e-17	2.91195e-20	2.85e-22	3.86171e-25	1.86875e-27	8.2933e-32	9.53216e-35	2.43116e-39	2.85575e-42	4.01121e-47	3.4381e-50	1.00896e-54	3.80563e-57	1.18992e-61	4.81517e-64	3.40819e-67	1.17495e-69	1.21538e-73	3.70826e-76	2.16163e-79	4.71763e-82	4.75401e-86	9.78344e-89	5.12013e-92	7.3747e-95	
CENT5	0	0	0	0	0	0	0	0	0	1	0	0	0	0	0	0	0	0	0	0	0	0	0	0	0	0	0	0	0	0	0	0	0	0	0	0	0	0	0	0	
N17	6.21347e-18	2.96077e-13	3.62175e-11	4.33693e-07	0.00407014	2.99914e-07	2.03087e-11	4.9125e-08	0.000635606	0.994201	0.00109248	1.89932e-07	9.0953e-12	1.96359e-15	9.54101e-19	1.47558e-20	1.25933e-23	9.65967e-26	3.84243e-29	1.6368e-31	1.2443e-36	9.40623e-40	4.18012e-45	1.98399e-48	5.1399e-54	6.80374e-51	3.50203e-52	1.94454e-52	1.13938e-53	1.35326e-51	6.18591e-53	2.40793e-53	6.42828e-56	2.82197e-56	1.75558e-56	4.95226e-57	8.72241e-60	2.61182e-60	1.10059e-61	2.39151e-62	
N18	4.91106e-19	3.39026e-14	9.63038e-12	1.42328e-07	0.00177774	1.05384e-07	8.28665e-12	3.72681e-08	0.000559839	0.99676	0.000902335	1.2053e-07	5.01852e-12	8.17857e-16	8.75123e-19	4.81506e-20	8.60647e-23	2.35185e-24	2.06189e-27	3.19571e-29	2.36451e-34	3.68922e-37	1.69741e-42	1.57689e-45	4.49986e-51	3.41557e-54	8.38866e-60	3.86876e-62	3.15664e-67	4.01585e-69	2.81425e-72	2.94821e-74	6.47815e-79	6.22385e-81	3.78786e-84	2.60239e-86	3.60113e-91	2.54701e-93	1.42807e-96	7.13051e-99	
CENT14	0	0	0	0	0	0	0	0	0	1	0	0	0	0	0	0	0	0	0	0	0	0	0	0	0	0	0	0	0	0	0	0	0	0	0	0	0	0	0	0	
CENT34	0	0	0	0	0	0	0	0	0	1	0	0	0	0	0	0	0	0	0	0	0	0	0	0	0	0	0	0	0	0	0	0	0	0	0	0	0	0	0	0	
CENT33	0	0	0	0	0	0	0	0	0	1	0	0	0	0	0	0	0	0	0	0	0	0	0	0	0	0	0	0	0	0	0	0	0	0	0	0	0	0	0	0	
N19	2.56211e-15	2.70438e-11	6.49539e-10	4.55567e-06	0.0106271	1.30928e-06	6.52615e-10	9.49171e-07	0.00300635	0.985201	0.00115886	3.24651e-07	2.15376e-11	1.2451e-14	5.42138e-18	7.59576e-20	9.57983e-23	7.15398e-25	2.32371e-27	1.53365e-27	3.62182e-31	1.69599e-33	8.9842e-38	2.30887e-40	4.437e-45	5.52358e-48	1.69445e-52	8.69664e-55	1.87575e-59	8.54002e-62	5.84228e-65	2.15246e-67	1.42176e-71	4.3093e-74	2.08411e-77	4.2129e-80	2.359e-84	4.35788e-87	1.70576e-90	2.06922e-93	
N20	2.18788e-16	1.37431e-11	1.29468e-09	2.49669e-05	0.00406636	2.29598e-06	1.15522e-08	3.12224e-05	0.0168989	0.978465	0.000510634	3.75237e-07	5.27422e-10	3.28152e-12	4.15045e-14	2.89389e-15	6.62982e-18	1.0541e-19	9.09128e-23	5.58184e-25	4.70366e-30	3.05825e-33	1.30519e-38	5.88853e-42	1.36811e-47	4.78556e-51	1.17642e-56	2.39988e-59	1.31323e-64	4.89e-67	3.68193e-70	5.65782e-72	5.18067e-76	5.52607e-78	4.9318e-81	2.75039e-83	1.10641e-87	4.8264e-90	2.48408e-93	6.37459e-96	
N21	6.38876e-17	2.17668e-12	3.75518e-10	1.79805e-06	0.00189289	2.96413e-07	7.34218e-10	1.94115e-06	0.00500275	0.991851	0.00124926	2.73776e-07	2.49114e-11	1.74358e-13	5.89555e-16	2.44723e-17	2.05282e-20	4.95128e-22	9.90516e-26	1.56502e-27	2.11526e-32	3.06413e-35	2.3989e-40	3.38841e-43	1.89129e-48	3.11463e-51	1.84364e-55	2.3309e-57	9.20256e-62	1.13148e-63	1.08596e-66	9.63972e-69	1.2672e-73	1.10456e-75	9.18328e-79	6.15895e-81	2.63222e-86	1.66694e-88	1.23132e-91	6.84634e-94	
CENT16	0	0	0	0	0	0	0	0	0	1	0	0	0	0	0	0	0	0	0	0	0	0	0	0	0	0	0	0	0	0	0	0	0	0	0	0	0	0	0	0	
CENT6	0	0	0	0	0	0	0	0	0	1	0	0	0	0	0	0	0	0	0	0	0	0	0	0	0	0	0	0	0	0	0	0	0	0	0	0	0	0	0	0	
N22	1.48372e-15	1.14351e-10	1.32114e-08	0.000329595	0.00226717	7.1678e-05	1.57827e-05	0.0170096	0.253819	0.725761	0.000655248	6.71759e-05	3.3542e-06	5.20764e-07	5.71111e-07	7.40607e-08	3.36167e-10	1.06084e-11	2.31043e-14	3.01666e-16	6.58213e-21	8.94615e-24	1.2294e-28	3.93989e-30	7.17769e-32	2.43724e-31	4.30237e-33	5.08077e-32	2.98743e-33	3.34764e-32	4.75526e-34	3.34513e-35	1.20411e-38	4.09617e-40	1.20599e-42	2.16686e-44	3.92232e-48	5.38236e-50	9.45683e-53	7.93498e-55	
CENT28	0	0	0	0	0	0	0	0	0	0	0	0	0	0	0	0	0	0	0	0	0	0	0	0	0	0	0	0	0	1	0	0	0	0	0	0	0	0	0	0	
CENT36	0	0	0	0	0	0	0	0	0	1	0	0	0	0	0	0	0	0	0	0	0	0	0	0	0	0	0	0	0	0	0	0	0	0	0	0	0	0	0	0	
N23	3.23042e-19	2.50785e-14	3.22922e-12	5.94681e-08	0.000972458	3.86464e-08	2.48079e-12	1.44226e-08	0.000308171	0.99827	0.000449212	3.59928e-08	9.4376e-13	2.09513e-16	1.60007e-19	8.43447e-19	1.21361e-18	1.23365e-16	2.59867e-15	1.71202e-13	1.26693e-16	1.83084e-18	1.32863e-22	5.78685e-25	1.20897e-29	2.62536e-32	6.28866e-37	6.73949e-39	3.30712e-43	3.49334e-45	3.54818e-48	2.452e-50	1.55661e-54	8.68008e-57	5.68741e-60	2.01794e-62	5.97635e-67	2.03028e-69	1.02664e-72	2.29274e-75	
N24	6.44162e-20	4.80756e-15	1.41008e-12	2.09945e-08	0.000295374	1.61679e-08	2.51623e-12	1.9365e-08	0.000353298	0.998735	0.000616257	6.07213e-08	2.21727e-12	2.86281e-16	7.65376e-19	2.09244e-17	1.36741e-16	4.7843e-15	3.98191e-14	1.54e-13	3.87044e-17	2.95655e-20	1.16662e-24	1.66476e-27	1.82578e-32	4.3841e-35	3.15751e-40	3.65045e-42	1.43076e-46	4.68721e-48	8.06033e-51	1.90783e-52	2.59752e-56	4.96724e-58	6.6599e-61	8.83643e-63	5.76848e-66	5.43299e-68	5.23397e-71	3.11003e-73	
CENT9	0	0	0	0	0	0	0	0	0	1	0	0	0	0	0	0	0	0	0	0	0	0	0	0	0	0	0	0	0	0	0	0	0	0	0	0	0	0	0	0	
CENT46	0	0	0	0	0	0	0	0	0	0	0	0	0	0	0	0	0	0	0	1	0	0	0	0	0	0	0	0	0	0	0	0	0	0	0	0	0	0	0	0	
N25	7.00283e-23	1.29912e-17	1.65349e-15	6.28638e-11	2.55244e-06	4.65498e-11	5.60797e-15	1.35279e-10	6.97259e-06	0.0743241	1.2001e-05	4.08566e-10	5.90446e-15	3.08482e-19	4.64052e-22	2.66145e-17	4.88708e-13	3.59106e-08	0.000157311	0.924784	0.000706584	6.11689e-06	3.86974e-10	1.00791e-12	1.81807e-17	2.64175e-20	3.2282e-25	1.39475e-27	7.58003e-32	4.90289e-34	3.33036e-37	1.38485e-39	8.67166e-44	2.74085e-46	1.16003e-49	2.34544e-52	1.13933e-56	1.91304e-59	5.86505e-63	6.17272e-66	
CENT3	0	0	0	0	0	0	0	0	0	0	0	0	0	0	0	0	0	0	0	1	0	0	0	0	0	0	0	0	0	0	0	0	0	0	0	0	0	0	0	0	
CENT23	0	0	0	0	0	0	0	0	0	0	0	0	0	0	0	0	0	0	0	1	0	0	0	0	0	0	0	0	0	0	0	0	0	0	0	0	0	0	0	0	
