NODE	1	2	3	4	5	6	7	8	9	10	11	12	13	14	15	16	17	18	19	20	21	22	23	24	25	26	27	28	29	30	31	32	33	34	35	36	37	38	39	40	
N1	0.0682196	0.0682203	0.0681738	0.0679933	0.0675648	0.0667611	0.0654579	0.0635501	0.0609668	0.0576845	0.053734	0.0492011	0.0442208	0.0389648	0.0336242	0.0283904	0.0234368	0.0189043	0.0148915	0.0114518	0.00859524	0.00629569	0.00450039	0.00314034	0.00214002	0.00142524	0.000928663	0.000592926	0.000371754	0.000229573	0.000140203	8.51425e-05	5.17899e-05	3.18554e-05	2.00547e-05	1.31154e-05	9.06379e-06	6.73952e-06	5.48145e-06	4.93371e-06	
N2	0.0122095	0.0133654	0.0151579	0.0176418	0.0208547	0.0247983	0.0294187	0.0345911	0.0401112	0.0456997	0.0510182	0.0556991	0.0593841	0.0617671	0.0626324	0.0618845	0.0595607	0.0558264	0.0509531	0.045283	0.0391877	0.033026	0.0271101	0.021681	0.0168984	0.0128418	0.0095207	0.00689132	0.00487482	0.00337455	0.00229017	0.00152765	0.00100529	0.000656221	0.00042844	0.000283327	0.000193412	0.000140052	0.000111376	0.000100732	
N3	0.011074	0.0121458	0.0138349	0.0162216	0.019383	0.0233705	0.0281821	0.033735	0.0398429	0.0462084	0.0524337	0.0580538	0.062589	0.0656091	0.0667973	0.066	0.0632531	0.0587772	0.0529444	0.0462224	0.0391094	0.0320707	0.02549	0.0196393	0.0146715	0.0106306	0.00747444	0.00510301	0.00338631	0.00218731	0.00137823	0.000849977	0.00051568	0.000310191	0.000187191	0.000115321	7.43195e-05	5.17052e-05	4.02225e-05	3.6073e-05	
N4	1.74198e-06	4.33623e-06	1.32829e-05	4.07641e-05	0.00012001	0.000333151	0.000863301	0.00207483	0.00460519	0.00941134	0.0176694	0.0304218	0.0479626	0.0691559	0.0910946	0.109519	0.120081	0.119995	0.109228	0.0905348	0.0683145	0.0469231	0.0293404	0.0167052	0.00866391	0.00409548	0.00176587	0.000695188	0.000250194	8.24428e-05	2.49213e-05	6.9278e-06	1.77656e-06	4.21954e-07	9.3306e-08	1.93418e-08	3.79744e-09	7.22496e-10	1.45256e-10	4.45888e-11	
CENT22	0	0	0	0	0	0	0	0	1	0	0	0	0	0	0	0	0	0	0	0	0	0	0	0	0	0	0	0	0	0	0	0	0	0	0	0	0	0	0	0	
N5	2.69485e-16	3.0989e-15	4.74992e-14	6.87213e-13	9.09484e-12	1.08939e-10	1.17103e-09	1.12131e-08	9.50245e-08	7.08532e-07	4.62353e-06	2.62719e-05	0.000129364	0.000549412	0.00200334	0.00624367	0.0165603	0.0372257	0.0706436	0.112775	0.150974	0.169041	0.157977	0.123053	0.0798343	0.0431422	0.0194346	0.00730932	0.00230023	0.000607435	0.000135062	2.53826e-05	4.04879e-06	5.50597e-07	6.41372e-08	6.43402e-09	5.60471e-10	4.34156e-11	3.33225e-12	4.35278e-13	
N6	3.03747e-24	1.24018e-22	7.44399e-21	4.08767e-19	1.95997e-17	8.12044e-16	2.88702e-14	8.74694e-13	2.24182e-11	4.82234e-10	8.63262e-09	1.27442e-07	1.53668e-06	1.49818e-05	0.000116886	0.000722324	0.00350196	0.0132101	0.0385253	0.0864951	0.149147	0.197305	0.200158	0.155677	0.0928181	0.0424267	0.0148791	0.0040119	0.000834993	0.000134974	1.70833e-05	1.70901e-06	1.36513e-07	8.79695e-09	4.6195e-10	1.99611e-11	7.16735e-13	2.16999e-14	5.90824e-16	2.51096e-17	
CENT44	0	0	0	0	0	0	0	0	0	0	0	0	0	0	0	0	0	0	0	0	0	0	0	0	0	0	0	1	0	0	0	0	0	0	0	0	0	0	0	0	
CENT53	0	0	0	0	0	0	0	0	0	0	0	0	0	0	0	0	0	1	0	0	0	0	0	0	0	0	0	0	0	0	0	0	0	0	0	0	0	0	0	0	
CENT75	0	0	0	0	0	0	0	0	0	0	0	0	0	0	0	0	0	0	0	0	0	0	0	0	0	0	1	0	0	0	0	0	0	0	0	0	0	0	0	0	
N7	9.75481e-05	0.000174063	0.00039207	0.000922547	0.00210631	0.00453446	0.00908964	0.0168596	0.0288297	0.0453404	0.0654673	0.0866714	0.105095	0.116627	0.118375	0.10985	0.0931807	0.0722486	0.0512124	0.033197	0.0196881	0.0106895	0.00531736	0.00242554	0.00101566	0.000390863	0.000138427	4.51844e-05	1.36166e-05	3.79586e-06	9.81089e-07	2.35746e-07	5.28372e-08	1.109e-08	2.19052e-09	4.09697e-10	7.32062e-11	1.27509e-11	2.34488e-12	6.5798e-13	
CENT25	0	0	0	0	0	0	0	0	0	0	0	0	0	0	0	0	0	0	0	1	0	0	0	0	0	0	0	0	0	0	0	0	0	0	0	0	0	0	0	0	
CENT29	0	0	0	0	0	0	0	0	0	1	0	0	0	0	0	0	0	0	0	0	0	0	0	0	0	0	0	0	0	0	0	0	0	0	0	0	0	0	0	0	
CENT72	0	0	0	0	0	0	0	0	0	0	0	0	0	0	0	0	0	0	0	0	0	0	0	0	0	0	0	1	0	0	0	0	0	0	0	0	0	0	0	0	
N8	0.0593259	0.0616342	0.0633964	0.0645604	0.0650773	0.0649063	0.0640199	0.0624091	0.0600886	0.0571002	0.053514	0.049427	0.0449592	0.0402472	0.0354351	0.0306658	0.0260709	0.0217634	0.0178311	0.0143334	0.0113008	0.00873694	0.00662286	0.00492212	0.00358691	0.00256367	0.00179796	0.0012382	0.000838277	0.000558831	0.000367707	0.000239625	0.000155414	0.000101015	6.64461e-05	4.48383e-05	3.16123e-05	2.38258e-05	1.96899e-05	1.824e-05	
N9	7.80055e-10	6.89048e-09	7.60664e-08	7.47272e-07	6.26575e-06	4.42307e-05	0.000259963	0.00125846	0.00496683	0.0158436	0.0405893	0.0832112	0.136328	0.178495	0.186847	0.156413	0.104694	0.056014	0.0239577	0.00820353	0.00225735	0.000502427	9.12629e-05	1.36711e-05	1.70775e-06	1.79878e-07	1.6148e-08	1.2481e-09	8.385e-11	4.94044e-12	2.57455e-13	1.19618e-14	4.99344e-16	1.8869e-17	6.50102e-19	2.05643e-20	6.01169e-22	1.63425e-23	4.18353e-25	1.32452e-26	
CENT17	0	0	0	0	0	0	0	0	0	1	0	0	0	0	0	0	0	0	0	0	0	0	0	0	0	0	0	0	0	0	0	0	0	0	0	0	0	0	0	0	
CENT74	0	0	0	0	0	0	0	0	0	0	0	0	0	0	0	0	0	0	0	1	0	0	0	0	0	0	0	0	0	0	0	0	0	0	0	0	0	0	0	0	
N10	0.00297595	0.0042208	0.00687623	0.0114282	0.0184426	0.0283708	0.0412728	0.0565327	0.0726968	0.0875773	0.0986815	0.103879	0.102066	0.0935447	0.0799378	0.0636745	0.0472723	0.0327097	0.021097	0.0126862	0.00711435	0.00372218	0.00181769	0.000828974	0.000353299	0.000140815	5.25335e-05	1.83633e-05	6.02173e-06	1.85515e-06	5.37897e-07	1.47109e-07	3.80551e-08	9.34528e-09	2.18946e-09	4.93064e-10	1.08141e-10	2.37387e-11	5.60381e-12	1.87569e-12	
CENT32	0	0	0	0	0	0	0	0	0	1	0	0	0	0	0	0	0	0	0	0	0	0	0	0	0	0	0	0	0	0	0	0	0	0	0	0	0	0	0	0	
N11	0.000559204	0.000872549	0.00169764	0.00351446	0.00711535	0.0135801	0.0240551	0.0392629	0.0588234	0.0806961	0.101192	0.115846	0.120959	0.115111	0.0997934	0.0787875	0.0566391	0.037074	0.0220985	0.0119975	0.00593455	0.00267566	0.00110011	0.000412715	0.000141371	4.42471e-05	1.26642e-05	3.31764e-06	7.96299e-07	1.75309e-07	3.54453e-08	6.59127e-09	1.12925e-09	1.78648e-10	2.61845e-11	3.57753e-12	4.62101e-13	5.86922e-14	8.3137e-15	2.01792e-15	
N12	4.22247e-05	7.20846e-05	0.000162936	0.000405565	0.00100596	0.00237455	0.00522332	0.0105997	0.0197401	0.0336376	0.0523521	0.0743291	0.0961915	0.113399	0.12173	0.118951	0.10579	0.0856255	0.0630736	0.0422892	0.0258127	0.0143478	0.00726506	0.00335263	0.00141073	0.000541585	0.000189813	6.07753e-05	1.77906e-05	4.76507e-06	1.16877e-06	2.62769e-07	5.42069e-08	1.02739e-08	1.79273e-09	2.89239e-10	4.36555e-11	6.40045e-12	1.04138e-12	2.91597e-13	
N13	2.09688e-09	1.04462e-08	7.58837e-08	5.41652e-07	3.50713e-06	2.00773e-05	0.000100266	0.000433053	0.00160756	0.00510414	0.0138062	0.0317067	0.0616472	0.101237	0.14016	0.163382	0.160233	0.132186	0.0917647	0.0536581	0.0264673	0.0110346	0.00389793	0.00116992	0.000299281	6.54743e-05	1.22935e-05	1.98837e-06	2.78077e-07	3.37539e-08	3.56956e-09	3.30109e-10	2.6795e-11	1.91597e-12	1.21145e-13	6.80433e-15	3.42187e-16	1.57566e-17	7.26606e-19	5.44204e-20	
CENT26	0	0	0	0	0	0	0	0	0	0	0	0	0	0	0	0	0	0	0	1	0	0	0	0	0	0	0	0	0	0	0	0	0	0	0	0	0	0	0	0	
N14	1.04662e-10	7.93553e-10	9.458e-09	1.07095e-07	1.04244e-06	8.51431e-06	5.77785e-05	0.00032357	0.00148696	0.00557987	0.0170264	0.0421018	0.084136	0.13561	0.176047	0.183929	0.15462	0.104628	0.0570504	0.0251116	0.00894559	0.00258772	0.000610336	0.000117923	1.87609e-05	2.47128e-06	2.71065e-07	2.49007e-08	1.92676e-09	1.26291e-10	7.05073e-12	3.37073e-13	1.38696e-14	4.93619e-16	1.52667e-17	4.12182e-19	9.75908e-21	2.0414e-22	3.95273e-24	1.22558e-25	
CENT37	0	0	0	0	0	0	0	0	0	1	0	0	0	0	0	0	0	0	0	0	0	0	0	0	0	0	0	0	0	0	0	0	0	0	0	0	0	0	0	0	
CENT41	0	0	0	0	0	0	0	0	0	0	0	0	0	0	0	0	0	0	0	1	0	0	0	0	0	0	0	0	0	0	0	0	0	0	0	0	0	0	0	0	
CENT59	0	0	0	0	0	0	0	0	0	0	0	0	0	0	0	0	0	0	0	1	0	0	0	0	0	0	0	0	0	0	0	0	0	0	0	0	0	0	0	0	
N15	0.000223888	0.000385276	0.000860132	0.00206442	0.00483876	0.0105826	0.0211233	0.0380528	0.0615007	0.0888768	0.114617	0.13174	0.134851	0.122873	0.0996355	0.0718969	0.0461742	0.0264002	0.0134438	0.00610082	0.00246894	0.000891751	0.00028773	8.30188e-05	2.14437e-05	4.9644e-06	1.03139e-06	1.92546e-07	3.23441e-08	4.89567e-09	6.68668e-10	8.2533e-11	9.2196e-12	9.33524e-13	8.58153e-14	7.1762e-15	5.48215e-16	3.89572e-17	2.86076e-18	3.83224e-19	
N16	0.000681825	0.00119674	0.00274341	0.00665213	0.0152702	0.0315479	0.0573442	0.0907566	0.124443	0.147475	0.150885	0.133239	0.101576	0.0669026	0.038111	0.0188027	0.00804777	0.00299389	0.000970076	0.000274379	6.79031e-05	1.47393e-05	2.81318e-06	4.73309e-07	7.0376e-08	9.2713e-09	1.0849e-09	1.13048e-10	1.05154e-11	8.75256e-13	6.53469e-14	4.38639e-15	2.6532e-16	1.44939e-17	7.1668e-19	3.21574e-20	1.31499e-21	4.97453e-23	1.88863e-24	1.22149e-25	
CENT5	0	0	0	0	0	0	0	0	0	1	0	0	0	0	0	0	0	0	0	0	0	0	0	0	0	0	0	0	0	0	0	0	0	0	0	0	0	0	0	0	
N17	0.000143822	0.000348048	0.00117217	0.00398305	0.0120145	0.0306255	0.0646212	0.111766	0.157629	0.18078	0.168397	0.127414	0.078392	0.0392986	0.016097	0.00540588	0.00149436	0.000341497	6.48127e-05	1.02646e-05	1.36315e-06	1.52537e-07	1.44523e-08	1.16493e-09	8.02575e-11	4.7475e-12	2.42185e-13	1.06998e-14	4.11091e-16	1.37893e-17	4.05356e-19	1.04811e-20	2.39206e-22	4.83493e-24	8.68285e-26	1.38975e-27	1.98884e-29	2.55901e-31	3.07755e-33	5.72228e-35	
N18	5.58892e-05	0.00015933	0.000667369	0.00275833	0.00974476	0.0280752	0.0647786	0.118622	0.171472	0.195059	0.174395	0.122599	0.0679033	0.0297304	0.0103364	0.002869	0.000639574	0.00011525	1.68994e-05	2.03008e-06	2.01133e-07	1.65444e-08	1.13716e-09	6.57206e-11	3.21296e-12	1.3364e-13	4.75552e-15	1.45538e-16	3.84995e-18	8.84535e-20	1.77311e-21	3.11457e-23	4.81388e-25	6.57255e-27	7.95671e-29	8.57116e-31	8.24389e-33	7.10719e-35	5.61058e-37	6.51373e-39	
CENT14	0	0	0	0	0	0	0	0	0	1	0	0	0	0	0	0	0	0	0	0	0	0	0	0	0	0	0	0	0	0	0	0	0	0	0	0	0	0	0	0	
CENT34	0	0	0	0	0	0	0	0	0	1	0	0	0	0	0	0	0	0	0	0	0	0	0	0	0	0	0	0	0	0	0	0	0	0	0	0	0	0	0	0	
CENT33	0	0	0	0	0	0	0	0	0	1	0	0	0	0	0	0	0	0	0	0	0	0	0	0	0	0	0	0	0	0	0	0	0	0	0	0	0	0	0	0	
N19	2.88595e-07	1.03143e-06	5.32367e-06	2.73465e-05	0.00012732	0.000521721	0.00185587	0.00568398	0.0149059	0.0333381	0.0634026	0.102297	0.139787	0.161577	0.157859	0.130313	0.0909036	0.0536125	0.0267568	0.0113145	0.00406037	0.00123897	0.000322155	7.15537e-05	1.36112e-05	2.22363e-06	3.12886e-07	3.80334e-08	4.00611e-09	3.66773e-10	2.92774e-11	2.04393e-12	1.25178e-13	6.74583e-15	3.20837e-16	1.35082e-17	5.05375e-19	1.69708e-20	5.46336e-22	2.96716e-23	
N20	3.02497e-08	1.42746e-07	1.0438e-06	7.4923e-06	4.69119e-05	0.000248173	0.00109701	0.00402977	0.0122578	0.0307937	0.0637637	0.108674	0.152311	0.175472	0.166182	0.129446	0.0830082	0.0438787	0.0191518	0.00691588	0.00207085	0.000515467	0.000106951	1.85508e-05	2.69813e-06	3.30123e-07	3.40904e-08	2.9813e-09	2.21561e-10	1.40415e-11	7.6155e-13	3.54714e-14	1.42392e-15	4.94354e-17	1.48953e-18	3.90855e-20	8.96475e-22	1.80974e-23	3.3695e-25	9.9069e-27	
N21	1.29168e-06	4.94365e-06	2.76885e-05	0.000151674	0.000721998	0.0028783	0.0094795	0.0256242	0.056626	0.102031	0.149648	0.178519	0.173216	0.136818	0.0881108	0.0463666	0.0199928	0.00708652	0.0020723	0.00050191	0.000101098	1.70088e-05	2.40062e-06	2.85519e-07	2.8745e-08	2.46067e-09	1.79906e-10	1.12837e-11	6.09747e-13	2.8509e-14	1.1581e-15	4.1038e-17	1.27352e-18	3.47413e-20	8.36174e-22	1.78195e-23	3.37413e-25	5.7055e-27	8.92999e-29	2.22177e-30	
CENT16	0	0	0	0	0	0	0	0	0	1	0	0	0	0	0	0	0	0	0	0	0	0	0	0	0	0	0	0	0	0	0	0	0	0	0	0	0	0	0	0	
CENT6	0	0	0	0	0	0	0	0	0	1	0	0	0	0	0	0	0	0	0	0	0	0	0	0	0	0	0	0	0	0	0	0	0	0	0	0	0	0	0	0	
N22	1.40136e-11	1.17043e-10	1.44387e-09	1.71724e-08	1.78186e-07	1.56742e-06	1.15653e-05	7.11739e-05	0.000363865	0.00154062	0.00539029	0.0155617	0.037043	0.072697	0.117671	0.157226	0.173598	0.158587	0.12002	0.0753442	0.0392806	0.0170261	0.0061417	0.00184542	0.000462287	9.66324e-05	1.68719e-05	2.46361e-06	3.01315e-07	3.09302e-08	2.67144e-09	1.94732e-10	1.20228e-11	6.3126e-13	2.83127e-14	1.09025e-15	3.6297e-17	1.06131e-18	2.91402e-20	1.24574e-21	
CENT28	0	0	0	0	0	0	0	0	0	0	0	0	0	0	0	0	0	0	0	0	0	0	0	0	0	0	0	0	0	1	0	0	0	0	0	0	0	0	0	0	
CENT36	0	0	0	0	0	0	0	0	0	1	0	0	0	0	0	0	0	0	0	0	0	0	0	0	0	0	0	0	0	0	0	0	0	0	0	0	0	0	0	0	
N23	3.67164e-10	2.36419e-09	2.37254e-08	2.2919e-07	1.92899e-06	1.37934e-05	8.2988e-05	0.000417692	0.00175076	0.00608694	0.0174913	0.0414103	0.080548	0.128427	0.167542	0.17861	0.155492	0.110532	0.0641899	0.0304886	0.0118643	0.00379113	0.000997505	0.000216811	3.90688e-05	5.85948e-06	7.34464e-07	7.72755e-08	6.85487e-09	5.14984e-10	3.29142e-11	1.79767e-12	8.42737e-14	3.40575e-15	1.19155e-16	3.62402e-18	9.62372e-20	2.24912e-21	4.86786e-23	1.69193e-24	
N24	3.28363e-10	2.3159e-09	2.52896e-08	2.61705e-07	2.3293e-06	1.74063e-05	0.000108163	0.00055554	0.00234687	0.00811999	0.0229245	0.0526436	0.0980769	0.147942	0.180429	0.177774	0.141482	0.0909918	0.0473429	0.0199631	0.00683867	0.00190901	0.000435824	8.17089e-05	1.26373e-05	1.62022e-06	1.73077e-07	1.54852e-08	1.16653e-09	7.43832e-11	4.03565e-12	1.87257e-13	7.46819e-15	2.57244e-16	7.6888e-18	2.00317e-19	4.56985e-21	9.19359e-23	1.70415e-24	5.02278e-26	
CENT9	0	0	0	0	0	0	0	0	0	1	0	0	0	0	0	0	0	0	0	0	0	0	0	0	0	0	0	0	0	0	0	0	0	0	0	0	0	0	0	0	
CENT46	0	0	0	0	0	0	0	0	0	0	0	0	0	0	0	0	0	0	0	1	0	0	0	0	0	0	0	0	0	0	0	0	0	0	0	0	0	0	0	0	
N25	3.28906e-20	1.14854e-18	5.49166e-17	2.41548e-15	9.21389e-14	2.98666e-12	8.13463e-11	1.84428e-09	3.44773e-08	5.26013e-07	6.47583e-06	6.35263e-05	0.000489612	0.00291848	0.013221	0.0446498	0.110124	0.194245	0.240368	0.205732	0.121177	0.0494221	0.014172	0.00291585	0.000440007	4.9759e-05	4.30272e-06	2.89752e-07	1.5448e-08	6.61722e-10	2.30753e-11	6.6283e-13	1.585e-14	3.18537e-16	5.42669e-18	7.89868e-20	9.89456e-22	1.07612e-23	1.05234e-25	1.49404e-27	
CENT3	0	0	0	0	0	0	0	0	0	0	0	0	0	0	0	0	0	0	0	1	0	0	0	0	0	0	0	0	0	0	0	0	0	0	0	0	0	0	0	0	
CENT23	0	0	0	0	0	0	0	0	0	0	0	0	0	0	0	0	0	0	0	1	0	0	0	0	0	0	0	0	0	0	0	0	0	0	0	0	0	0	0	0	
