NODE	1	2	3	4	5	6	7	8	9	10	11	12	13	14	15	16	17	18	19	20	21	22	23	24	25	26	27	28	29	30	31	32	33	34	35	36	37	38	39	40	
N1	0.000172181	0.00431035	0.0536576	0.0315499	0.654828	0.00341439	0.000841243	0.000131935	0.251094	4.17626e-20	9.82383e-41	5.36749e-61	1.64861e-69	8.60904e-69	1.1679e-72	1.69193e-71	2.11748e-70	2.00389e-69	1.34857e-68	9.31148e-76	1.37411e-74	1.90136e-73	2.29705e-72	2.37359e-71	2.0469e-70	1.48209e-69	1.08407e-68	5.858e-68	2.11728e-67	2.17981e-64	1.05276e-45	4.21642e-44	6.91178e-43	1.07891e-41	3.38365e-41	7.1358e-41	9.54221e-41	1.03895e-40	8.12733e-40	8.12733e-40	
N2	2.64987e-07	4.64347e-05	0.00286501	0.00195732	0.240916	0.103589	0.0510685	0.00881414	0.590744	1.95753e-12	9.95604e-23	3.1951e-32	1.99439e-32	4.71316e-31	3.82433e-35	4.58335e-34	8.26286e-34	3.81267e-32	1.19436e-32	1.23304e-38	3.52088e-38	9.27825e-37	4.84802e-36	4.29092e-34	3.9466e-34	1.08978e-32	1.05784e-31	9.3977e-31	1.44121e-30	4.45475e-38	9.97925e-49	2.74531e-58	3.0422e-69	5.334e-80	1.63565e-91	1.40938e-100	5.16985e-112	7.06926e-123	2.78747e-134	1.22439e-142	
N3	2.32139e-08	1.11847e-05	0.00159981	0.00137991	0.229186	0.0473502	0.0436223	0.00640338	0.670447	2.09263e-10	2.04065e-31	4.12846e-52	5.07502e-64	2.11691e-73	1.89994e-85	8.35931e-97	1.61332e-108	7.12123e-118	2.3868e-129	1.86856e-140	6.48884e-151	5.30258e-163	5.58525e-175	4.30257e-185	1.13441e-197	1.39068e-207	2.04716e-218	1.47973e-228	3.49258e-241	2.89555e-50	3.00801e-46	7.11929e-42	3.09301e-42	5.15045e-39	3.1602e-38	2.13933e-35	7.44842e-37	1.10188e-33	7.99019e-33	1.68292e-30	
N4	1.10721e-15	3.91832e-11	3.28961e-07	3.70328e-07	1.75042e-05	0.00540891	2.12948e-06	0.00212388	0.992447	1.49028e-14	3.6221e-24	8.72892e-34	2.13548e-53	5.65811e-62	2.35384e-71	4.04286e-81	1.5951e-91	8.42165e-101	2.35297e-124	2.11506e-145	3.9935e-161	7.23593e-171	2.31222e-181	5.62289e-191	2.6835e-202	3.59442e-212	1.22584e-222	8.56874e-242	1.12059e-254	2.48067e-265	1.08154e-275	2.83448e-287	9.48049e-300	4.32403e-309	6.57107e-322	0	1.05085e-34	1.18922e-34	3.93403e-35	2.61904e-32	
CENT22	0	0	0	0	0	0	0	0	1	0	0	0	0	0	0	0	0	0	0	0	0	0	0	0	0	0	0	0	0	0	0	0	0	0	0	0	0	0	0	0	
N5	3.19547e-23	4.86001e-17	1.44696e-11	1.58783e-11	2.83585e-10	9.8889e-06	1.1237e-10	2.22047e-06	0.0923714	1.69708e-12	7.82576e-10	9.35693e-05	1.21279e-10	3.31602e-15	1.23899e-14	2.88471e-09	4.77588e-07	0.907522	4.57135e-23	1.74049e-34	9.23865e-33	6.14808e-29	1.72866e-27	3.24656e-23	2.93225e-23	1.673e-19	9.72731e-18	7.57358e-29	1.05548e-41	1.34249e-52	3.13714e-64	1.26167e-73	3.08592e-87	6.09577e-99	1.55864e-112	1.95287e-119	2.61759e-133	3.90242e-145	1.224e-157	5.79274e-168	
N6	1.4764e-29	5.70963e-22	9.33997e-15	6.09e-15	4.77453e-12	3.23159e-07	2.56435e-09	9.91348e-09	0.0586387	1.24447e-14	4.02467e-12	2.72717e-06	6.26631e-13	6.79924e-09	2.77353e-17	6.2596e-13	5.2984e-09	0.941358	3.96681e-12	2.25927e-36	3.0371e-51	6.95871e-62	8.57021e-72	1.22008e-78	3.9288e-90	1.26915e-96	6.22678e-105	3.72479e-117	4.12998e-142	6.01725e-167	3.67992e-192	3.51532e-215	2.35833e-241	5.90589e-264	1.75667e-290	1.60851e-308	0	0	0	0	
CENT44	0	0	0	0	0	0	0	0	0	0	0	0	0	0	0	0	0	0	0	0	0	0	0	0	0	0	0	1	0	0	0	0	0	0	0	0	0	0	0	0	
CENT53	0	0	0	0	0	0	0	0	0	0	0	0	0	0	0	0	0	1	0	0	0	0	0	0	0	0	0	0	0	0	0	0	0	0	0	0	0	0	0	0	
CENT75	0	0	0	0	0	0	0	0	0	0	0	0	0	0	0	0	0	0	0	0	0	0	0	0	0	0	1	0	0	0	0	0	0	0	0	0	0	0	0	0	
N7	1.7168e-15	4.03941e-11	1.8007e-07	3.04696e-07	0.00722374	7.19073e-06	0.000504188	5.45479e-07	0.00697632	0.985288	3.44132e-16	1.49718e-24	2.51799e-34	1.77311e-54	2.02318e-64	1.12598e-73	2.9228e-84	3.66742e-92	3.50121e-103	1.98448e-113	3.2675e-136	2.85689e-159	8.01695e-183	2.32311e-204	9.93666e-229	4.20697e-251	3.25992e-274	9.19381e-298	2.42092e-322	0	0	0	0	0	0	0	0	3.4722e-224	1.17191e-236	7.39407e-247	
CENT25	0	0	0	0	0	0	0	0	0	0	0	0	0	0	0	0	0	0	0	1	0	0	0	0	0	0	0	0	0	0	0	0	0	0	0	0	0	0	0	0	
CENT29	0	0	0	0	0	0	0	0	0	1	0	0	0	0	0	0	0	0	0	0	0	0	0	0	0	0	0	0	0	0	0	0	0	0	0	0	0	0	0	0	
CENT72	0	0	0	0	0	0	0	0	0	0	0	0	0	0	0	0	0	0	0	0	0	0	0	0	0	0	0	1	0	0	0	0	0	0	0	0	0	0	0	0	
N8	2.23211e-05	0.000939612	0.0143232	0.0107706	0.584335	0.00301505	0.00297495	0.000254131	0.127239	0.256126	3.08113e-22	5.74562e-42	4.65662e-62	1.30185e-72	1.04988e-83	2.17915e-94	3.18972e-106	2.79812e-114	3.65609e-126	1.55424e-136	4.441e-148	1.88628e-159	5.98612e-171	9.959e-181	3.90473e-193	2.3231e-202	4.56763e-213	2.53695e-224	6.94193e-233	4.2745e-231	4.87763e-55	7.11602e-49	2.22618e-45	9.21219e-45	1.08565e-38	5.53605e-35	2.18375e-36	2.56361e-36	8.13584e-37	2.91218e-31	
N9	9.73866e-18	4.11795e-13	3.09419e-09	7.69917e-09	0.000964672	1.55977e-08	1.61405e-05	2.58129e-09	8.01897e-05	0.998939	2.08349e-17	1.47164e-26	2.05572e-36	9.6472e-59	1.68788e-68	3.5315e-78	2.07829e-88	3.21341e-97	5.86671e-108	1.7277e-117	1.72174e-141	3.81589e-165	1.44686e-189	3.24028e-213	2.23101e-238	3.66917e-262	1.97743e-286	4.737e-311	0	0	0	0	0	0	9.98799e-197	1.75158e-207	6.40228e-221	1.93578e-233	1.48162e-246	4.79976e-257	
CENT17	0	0	0	0	0	0	0	0	0	1	0	0	0	0	0	0	0	0	0	0	0	0	0	0	0	0	0	0	0	0	0	0	0	0	0	0	0	0	0	0	
CENT74	0	0	0	0	0	0	0	0	0	0	0	0	0	0	0	0	0	0	0	1	0	0	0	0	0	0	0	0	0	0	0	0	0	0	0	0	0	0	0	0	
N10	1.18008e-12	3.5618e-09	2.03359e-06	3.72143e-06	0.0255106	2.14627e-06	0.000231287	3.08091e-07	0.00130419	0.972946	7.21553e-23	9.26875e-45	1.45212e-66	2.95681e-77	4.53089e-88	2.54466e-99	4.14353e-111	9.61316e-121	9.25432e-132	4.21148e-142	3.61835e-154	1.74965e-165	2.24128e-177	3.4012e-188	1.32492e-200	1.19758e-204	2.47284e-213	9.90382e-223	1.01912e-234	8.76926e-242	2.62348e-254	1.78886e-265	1.22411e-277	1.99436e-289	4.39057e-300	1.18503e-309	2.17389e-322	0	1.49407e-33	2.0577e-31	
CENT32	0	0	0	0	0	0	0	0	0	1	0	0	0	0	0	0	0	0	0	0	0	0	0	0	0	0	0	0	0	0	0	0	0	0	0	0	0	0	0	0	
N11	1.13162e-16	3.46112e-12	1.31207e-08	3.0097e-08	0.00639706	1.45233e-08	1.22255e-05	1.52874e-09	7.50179e-05	0.993516	2.47499e-24	7.33432e-46	7.88802e-55	3.18208e-64	4.85577e-61	1.43019e-60	2.75423e-59	1.12059e-55	4.83875e-55	1.61756e-50	1.96299e-63	1.76533e-74	1.96101e-86	1.2911e-98	8.60126e-112	5.53252e-115	5.84372e-124	1.34391e-133	1.90495e-51	9.46841e-43	3.44373e-43	1.29883e-42	3.50284e-40	1.8789e-40	1.74887e-39	4.25747e-37	2.44689e-39	7.66016e-38	2.03766e-38	1.70806e-34	
N12	1.84791e-20	4.07916e-15	8.23707e-11	2.29919e-10	0.00128529	1.48714e-08	1.81844e-06	2.22894e-09	5.21009e-06	0.998708	1.81393e-16	6.66245e-26	4.71408e-24	7.84702e-40	1.41096e-33	1.60401e-31	1.33821e-28	1.13808e-25	1.15859e-24	3.71238e-18	8.48239e-41	3.76897e-62	2.06982e-83	3.91689e-106	2.49133e-129	2.22572e-151	7.12874e-174	2.44204e-196	2.77379e-134	4.11706e-138	8.06051e-149	5.31657e-160	6.5559e-168	8.74021e-180	5.17942e-192	3.71006e-203	1.04626e-216	5.14983e-226	4.21126e-238	6.78419e-245	
N13	2.82719e-28	4.66832e-21	4.69743e-15	1.76164e-14	2.71373e-05	4.65949e-11	4.2071e-08	6.98065e-12	3.49222e-08	0.999973	1.20735e-17	5.82297e-29	5.00749e-40	8.72605e-43	1.44355e-34	1.92462e-31	1.76069e-29	4.85474e-25	1.19907e-24	5.53483e-18	3.63728e-30	8.89052e-42	1.68542e-51	7.81191e-64	2.05744e-76	6.41471e-88	2.03557e-100	5.96764e-112	4.28932e-125	2.52931e-131	1.13753e-144	6.83284e-157	2.36808e-169	1.25052e-181	3.12742e-194	1.31172e-206	3.19883e-220	6.3743e-232	3.23457e-244	8.46074e-251	
CENT26	0	0	0	0	0	0	0	0	0	0	0	0	0	0	0	0	0	0	0	1	0	0	0	0	0	0	0	0	0	0	0	0	0	0	0	0	0	0	0	0	
N14	2.36753e-27	2.37697e-24	8.24424e-18	3.85503e-17	3.04458e-06	2.23802e-12	2.04174e-09	3.22772e-13	1.26801e-09	0.999997	3.30597e-18	1.31483e-29	3.6736e-40	2.62118e-63	3.38119e-68	1.03993e-79	8.24999e-90	2.75831e-101	1.85406e-111	2.9811e-115	3.72723e-140	2.47859e-165	9.58963e-190	5.50073e-215	4.78114e-240	1.34115e-263	2.55328e-289	1.74478e-313	0	0	0	0	0	0	1.16764e-198	9.60893e-212	5.61492e-226	1.63369e-236	5.26977e-250	6.72319e-255	
CENT37	0	0	0	0	0	0	0	0	0	1	0	0	0	0	0	0	0	0	0	0	0	0	0	0	0	0	0	0	0	0	0	0	0	0	0	0	0	0	0	0	
CENT41	0	0	0	0	0	0	0	0	0	0	0	0	0	0	0	0	0	0	0	1	0	0	0	0	0	0	0	0	0	0	0	0	0	0	0	0	0	0	0	0	
CENT59	0	0	0	0	0	0	0	0	0	0	0	0	0	0	0	0	0	0	0	1	0	0	0	0	0	0	0	0	0	0	0	0	0	0	0	0	0	0	0	0	
N15	4.19133e-21	1.5958e-15	5.0315e-11	1.45147e-10	0.00121443	3.07133e-09	1.26809e-06	4.51329e-10	3.75607e-06	0.998781	5.73961e-24	5.25195e-48	2.38815e-70	3.5227e-70	8.37643e-68	1.81427e-69	7.61236e-70	6.93722e-69	6.29361e-70	1.50243e-65	1.91465e-67	2.50643e-67	6.97271e-68	5.55337e-69	4.306e-70	1.21445e-69	1.52014e-69	2.0534e-69	3.95542e-61	6.20427e-51	4.11429e-48	2.29513e-47	1.92728e-40	9.82424e-41	2.46693e-41	1.38841e-40	1.38456e-42	1.24182e-38	4.46813e-39	4.69356e-34	
N16	1.01164e-26	9.65093e-20	4.97695e-14	1.84465e-13	0.000119625	3.67413e-10	1.52924e-07	5.41926e-11	1.04553e-07	0.99988	6.90903e-24	6.1841e-48	1.14461e-71	1.05985e-82	1.14704e-90	1.35154e-103	1.64475e-115	3.49493e-128	2.05339e-140	1.11267e-146	4.64715e-160	1.16381e-171	4.91293e-184	7.51573e-197	1.03852e-209	1.035e-216	1.49914e-226	1.17532e-235	5.04161e-249	1.10782e-251	1.82573e-265	1.42726e-277	8.14362e-290	3.61745e-302	7.95529e-313	0	0	6.88051e-39	8.98992e-39	1.22336e-33	
CENT5	0	0	0	0	0	0	0	0	0	1	0	0	0	0	0	0	0	0	0	0	0	0	0	0	0	0	0	0	0	0	0	0	0	0	0	0	0	0	0	0	
N17	2.04127e-32	5.32798e-24	4.78651e-17	2.24414e-16	1.19581e-05	5.69345e-12	7.39625e-09	8.20998e-13	2.50846e-09	0.999988	1.12185e-24	1.5865e-49	7.12956e-74	2.07864e-77	5.21247e-82	3.58785e-93	7.09501e-105	8.50604e-115	9.79727e-129	6.82626e-134	8.58252e-148	1.54928e-159	3.04612e-170	1.41858e-183	1.05497e-196	9.76267e-209	3.40579e-222	5.9429e-234	2.93357e-248	1.32675e-253	6.57677e-268	3.37075e-280	1.31301e-292	3.73841e-305	4.61831e-318	0	0	1.52163e-40	2.62381e-40	1.82672e-34	
N18	3.11779e-36	6.86635e-27	3.54701e-19	2.0485e-18	3.08817e-06	2.04527e-12	1.31148e-09	2.92956e-13	2.20598e-10	0.999997	1.37458e-24	2.36461e-49	1.22152e-74	5.45734e-98	6.50554e-116	1.81549e-141	1.72476e-165	3.50402e-191	1.77268e-217	7.71328e-234	3.51574e-260	3.47055e-284	4.83209e-309	0	0	0	0	0	0	0	0	0	0	0	9.5925e-39	5.78131e-40	1.23772e-41	1.19147e-41	2.2388e-41	5.37295e-35	
CENT14	0	0	0	0	0	0	0	0	0	1	0	0	0	0	0	0	0	0	0	0	0	0	0	0	0	0	0	0	0	0	0	0	0	0	0	0	0	0	0	0	
CENT34	0	0	0	0	0	0	0	0	0	1	0	0	0	0	0	0	0	0	0	0	0	0	0	0	0	0	0	0	0	0	0	0	0	0	0	0	0	0	0	0	
CENT33	0	0	0	0	0	0	0	0	0	1	0	0	0	0	0	0	0	0	0	0	0	0	0	0	0	0	0	0	0	0	0	0	0	0	0	0	0	0	0	0	
N19	4.75911e-28	9.71471e-21	1.04471e-14	3.96324e-14	5.61502e-05	4.90409e-11	5.88067e-08	7.19813e-12	4.50405e-08	0.999944	1.95985e-24	4.68855e-47	8.23475e-58	4.89967e-67	1.97717e-61	8.25285e-61	4.07943e-59	2.6363e-57	1.60916e-57	1.03875e-50	3.37542e-63	2.42166e-69	8.02243e-70	8.13274e-71	6.17788e-72	1.27145e-62	3.42316e-57	2.30528e-51	1.83024e-52	6.32311e-39	8.42315e-41	7.29075e-41	4.73329e-41	2.69039e-41	3.43556e-37	1.29746e-37	2.51797e-39	2.4243e-39	2.95794e-39	6.00239e-34	
N20	2.66119e-34	2.06659e-25	5.27949e-18	2.5739e-17	4.15451e-06	1.14149e-12	2.21139e-09	1.65319e-13	7.39711e-10	0.999996	6.77353e-25	5.77179e-50	1.75511e-74	9.33966e-78	8.6817e-81	1.11396e-91	1.89883e-98	4.76914e-106	8.06544e-107	1.29171e-97	2.37306e-97	5.3685e-95	6.63841e-92	4.11534e-104	2.54435e-116	3.81093e-50	8.87516e-49	3.40752e-46	5.93846e-48	4.6765e-37	3.2657e-39	2.89034e-39	1.88444e-39	1.02576e-39	4.6677e-38	5.24626e-39	1.18031e-40	1.10939e-40	1.96071e-40	1.50202e-34	
N21	5.57997e-38	3.36246e-28	4.59227e-20	2.75181e-19	1.14919e-06	1.42219e-12	5.66147e-10	2.05495e-13	7.71959e-11	0.999999	2.6066e-24	8.4951e-49	8.22627e-74	8.95834e-98	5.40265e-115	2.92373e-140	4.19148e-164	1.68022e-189	1.74899e-215	5.78468e-232	6.0089e-258	1.08689e-281	2.96395e-306	0	0	0	0	0	0	0	0	0	0	0	0	0	0	3.9183e-41	7.25515e-41	1.01441e-34	
CENT16	0	0	0	0	0	0	0	0	0	1	0	0	0	0	0	0	0	0	0	0	0	0	0	0	0	0	0	0	0	0	0	0	0	0	0	0	0	0	0	0	
CENT6	0	0	0	0	0	0	0	0	0	1	0	0	0	0	0	0	0	0	0	0	0	0	0	0	0	0	0	0	0	0	0	0	0	0	0	0	0	0	0	0	
N22	3.61421e-40	6.22063e-30	2.54581e-21	1.57592e-20	2.32625e-07	2.83431e-13	3.98892e-10	3.13152e-14	2.18611e-11	1	1.5119e-18	1.17192e-29	2.99034e-41	1.24958e-53	1.3234e-57	1.14409e-79	1.14541e-89	4.20306e-101	3.37772e-113	8.73964e-117	7.03904e-142	1.98397e-158	1.04952e-168	7.91264e-180	7.49826e-191	6.8496e-201	1.38843e-212	3.84927e-224	3.43103e-236	1.52184e-239	3.25328e-265	2.7971e-289	8.93294e-314	0	1.0841e-76	2.43219e-89	9.86002e-103	1.32362e-114	2.96854e-126	2.14575e-132	
CENT28	0	0	0	0	0	0	0	0	0	0	0	0	0	0	0	0	0	0	0	0	0	0	0	0	0	0	0	0	0	1	0	0	0	0	0	0	0	0	0	0	
CENT36	0	0	0	0	0	0	0	0	0	1	0	0	0	0	0	0	0	0	0	0	0	0	0	0	0	0	0	0	0	0	0	0	0	0	0	0	0	0	0	0	
N23	4.86297e-35	4.69444e-26	1.60329e-18	7.83337e-18	1.9325e-06	9.02766e-13	1.3638e-09	1.34002e-13	4.66294e-10	0.999998	2.33794e-18	6.09839e-30	2.82324e-41	1.67843e-44	4.28787e-35	2.48247e-32	3.09974e-30	2.43492e-26	1.24209e-26	1.48721e-18	1.78563e-31	1.45079e-42	5.82288e-51	2.79939e-52	2.07044e-53	2.92215e-53	9.43897e-52	8.56229e-49	2.08953e-50	5.22396e-39	4.49419e-41	3.75597e-41	2.45163e-41	1.34434e-41	2.99167e-39	3.97607e-40	9.58612e-42	9.22529e-42	1.60562e-41	8.18319e-36	
N24	1.74938e-27	7.96571e-25	6.15947e-21	3.65496e-20	3.11992e-07	2.84969e-13	1.46394e-10	4.15133e-14	2.77129e-11	1	5.01585e-18	1.72547e-29	4.08789e-41	3.90277e-64	1.40279e-67	3.97736e-79	3.2142e-89	5.66679e-101	1.09099e-112	3.27171e-115	5.60882e-140	1.79947e-164	1.68351e-188	1.39737e-213	2.28945e-238	4.43957e-262	1.22155e-287	2.08675e-312	0	0	0	0	0	0	0	0	0	3.18095e-236	2.15465e-248	7.06305e-253	
CENT9	0	0	0	0	0	0	0	0	0	1	0	0	0	0	0	0	0	0	0	0	0	0	0	0	0	0	0	0	0	0	0	0	0	0	0	0	0	0	0	0	
CENT46	0	0	0	0	0	0	0	0	0	0	0	0	0	0	0	0	0	0	0	1	0	0	0	0	0	0	0	0	0	0	0	0	0	0	0	0	0	0	0	0	
N25	8.5511e-45	8.33838e-34	1.84491e-24	1.20882e-23	1.04279e-09	5.24319e-16	9.88888e-13	7.83726e-17	1.50269e-13	0.0328435	5.33715e-14	2.82577e-11	4.37982e-09	1.17121e-32	1.63819e-23	3.95779e-20	9.49693e-16	9.85733e-13	1.5448e-10	0.967157	5.54854e-25	7.53737e-48	8.29931e-72	1.3716e-96	1.58764e-121	1.45788e-145	4.08224e-171	5.71357e-197	1.2701e-222	2.33627e-240	1.71137e-267	2.61921e-293	1.51516e-35	7.73108e-36	1.82185e-36	3.0651e-37	8.18308e-39	7.41738e-39	1.25869e-38	3.64587e-33	
CENT3	0	0	0	0	0	0	0	0	0	0	0	0	0	0	0	0	0	0	0	1	0	0	0	0	0	0	0	0	0	0	0	0	0	0	0	0	0	0	0	0	
CENT23	0	0	0	0	0	0	0	0	0	0	0	0	0	0	0	0	0	0	0	1	0	0	0	0	0	0	0	0	0	0	0	0	0	0	0	0	0	0	0	0	
