NODE	1	2	3	4	5	6	7	8	9	10	11	12	13	14	15	16	17	18	19	20	21	22	23	24	25	26	27	28	29	30	31	32	33	34	35	36	37	38	39	40	
N1	0.000788924	0.0160704	0.157767	0.0611793	0.470735	0.0617221	0.00266624	0.000222146	0.228849	3.00523e-20	4.13743e-41	6.42011e-61	2.27292e-69	5.07509e-69	2.31109e-72	3.1365e-71	3.72482e-70	3.849e-69	2.35437e-68	1.14914e-75	1.55358e-74	1.97749e-73	2.23043e-72	2.18182e-71	1.80466e-70	1.313e-69	1.14375e-68	6.13461e-68	2.0791e-67	5.34844e-46	3.71632e-44	1.009e-42	2.54812e-42	2.85201e-41	8.12578e-41	1.0642e-40	1.11814e-40	5.05934e-40	7.67441e-40	7.67441e-40	
N2	1.05383e-06	0.000160766	0.00750844	0.00690521	0.115488	0.162108	0.0309628	0.0129803	0.663886	1.15128e-12	5.9985e-23	1.90295e-32	1.71934e-32	1.55108e-31	4.19802e-35	4.36925e-34	1.02947e-33	4.83758e-32	1.69284e-32	4.27073e-39	2.7486e-38	5.6147e-37	4.73907e-36	2.46888e-34	2.68868e-34	1.04845e-32	1.21512e-31	4.17885e-31	1.33509e-30	1.30647e-38	3.47695e-49	4.76568e-59	6.51974e-70	9.61264e-81	4.62459e-92	1.24694e-101	2.57515e-113	3.04159e-124	1.94602e-135	1.23641e-144	
N3	8.73337e-08	3.5256e-05	0.00381335	0.00397933	0.105333	0.0992685	0.029077	0.00577482	0.752719	5.65441e-11	4.54392e-32	8.22526e-53	1.75618e-64	1.71609e-74	1.50984e-86	7.20772e-98	2.4142e-109	8.06695e-119	2.67212e-130	5.90117e-142	2.13013e-152	1.14518e-164	1.36382e-176	7.5316e-187	2.60806e-199	1.97199e-209	3.4968e-220	5.06346e-231	1.28349e-243	3.58614e-50	1.0349e-45	1.66945e-41	9.55565e-42	6.77118e-39	6.68329e-38	3.44621e-35	1.35086e-36	7.97338e-34	1.18339e-32	8.11664e-31	
N4	6.68805e-15	1.98081e-10	9.21502e-07	2.65086e-06	2.11763e-05	0.00691518	4.27669e-06	0.00275888	0.990297	1.15226e-14	3.33691e-24	5.09525e-34	8.79951e-54	1.41031e-62	5.00927e-72	4.84832e-82	2.30272e-92	7.57248e-102	1.87694e-125	1.76575e-147	5.42981e-163	6.40452e-173	2.55591e-183	2.33258e-193	1.33554e-204	1.80701e-214	5.08177e-225	1.4467e-244	4.10879e-257	7.31821e-268	4.48705e-278	6.47046e-290	4.09042e-302	4.49839e-312	0	0	5.79139e-35	8.39835e-35	6.77991e-35	6.08461e-33	
CENT22	0	0	0	0	0	0	0	0	1	0	0	0	0	0	0	0	0	0	0	0	0	0	0	0	0	0	0	0	0	0	0	0	0	0	0	0	0	0	0	0	
N5	1.61854e-22	2.04062e-16	2.68518e-11	1.20123e-10	4.16444e-10	1.23466e-05	1.79529e-10	2.75334e-06	0.0511719	1.41952e-11	5.7755e-09	0.00027043	8.95377e-11	7.88901e-15	7.42133e-14	2.68693e-09	4.46027e-07	0.948542	3.79573e-23	2.02222e-34	3.01994e-32	6.68612e-29	3.44966e-27	7.87855e-24	7.6765e-24	8.74519e-20	4.53275e-18	2.58634e-29	3.75019e-42	3.29705e-53	4.04987e-64	7.07291e-75	2.27461e-88	2.42676e-100	4.11322e-113	5.67446e-121	6.4499e-135	1.01223e-146	6.86502e-159	8.46348e-170	
N6	4.17802e-29	2.05953e-21	9.21003e-15	5.29711e-14	5.07326e-12	2.52106e-07	2.15484e-09	1.70573e-08	0.0265879	5.56803e-14	1.71212e-11	8.80544e-06	9.35191e-13	7.11131e-09	1.22173e-16	9.3241e-13	5.73075e-09	0.973403	3.12751e-12	1.16598e-36	4.92113e-51	4.96152e-62	7.03837e-72	1.9262e-79	3.9257e-91	9.22573e-98	2.84711e-106	1.26908e-118	1.21099e-143	1.13555e-168	1.04913e-193	1.07203e-217	8.43547e-244	3.09454e-267	1.16711e-293	3.30855e-312	0	0	0	0	
CENT44	0	0	0	0	0	0	0	0	0	0	0	0	0	0	0	0	0	0	0	0	0	0	0	0	0	0	0	1	0	0	0	0	0	0	0	0	0	0	0	0	
CENT53	0	0	0	0	0	0	0	0	0	0	0	0	0	0	0	0	0	1	0	0	0	0	0	0	0	0	0	0	0	0	0	0	0	0	0	0	0	0	0	0	
CENT75	0	0	0	0	0	0	0	0	0	0	0	0	0	0	0	0	0	0	0	0	0	0	0	0	0	0	1	0	0	0	0	0	0	0	0	0	0	0	0	0	
N7	6.74836e-15	1.28268e-10	5.48878e-07	6.54532e-07	0.00248538	3.75401e-05	0.00121591	1.37546e-06	0.0133066	0.982952	9.45287e-16	1.96623e-24	4.72716e-34	2.24794e-54	2.13062e-64	2.81282e-74	7.26772e-85	5.06798e-93	4.90906e-104	1.54659e-114	3.30287e-137	9.99324e-161	3.08896e-184	1.1404e-206	3.29222e-231	1.32495e-253	6.32481e-277	7.78603e-301	0	0	0	0	0	0	0	0	0	2.27822e-226	1.46177e-238	2.74103e-249	
CENT25	0	0	0	0	0	0	0	0	0	0	0	0	0	0	0	0	0	0	0	1	0	0	0	0	0	0	0	0	0	0	0	0	0	0	0	0	0	0	0	0	
CENT29	0	0	0	0	0	0	0	0	0	1	0	0	0	0	0	0	0	0	0	0	0	0	0	0	0	0	0	0	0	0	0	0	0	0	0	0	0	0	0	0	
CENT72	0	0	0	0	0	0	0	0	0	0	0	0	0	0	0	0	0	0	0	0	0	0	0	0	0	0	0	1	0	0	0	0	0	0	0	0	0	0	0	0	
N8	0.000101841	0.00392123	0.0589088	0.0286971	0.463376	0.0408488	0.0269381	0.000733454	0.142568	0.233907	2.52912e-22	5.06261e-42	2.16774e-62	6.01448e-73	3.87104e-84	4.69761e-95	7.99827e-107	1.84026e-115	2.65265e-127	6.46972e-138	4.15664e-149	9.2503e-161	3.77516e-172	3.68813e-182	1.34893e-194	2.6322e-204	3.97435e-215	1.66168e-226	4.14618e-234	1.98988e-232	1.68213e-54	8.78322e-49	1.24465e-44	1.69047e-44	1.21287e-38	5.99092e-36	3.71117e-37	5.83393e-37	6.04581e-37	2.28395e-31	
N9	3.88676e-17	1.43502e-12	1.54047e-08	1.62055e-08	0.000574388	1.76193e-07	0.000124936	1.76727e-08	0.000245915	0.999055	7.12263e-17	5.03316e-26	5.39838e-36	1.38432e-58	1.84865e-68	2.46942e-78	1.22493e-88	7.24036e-98	1.11806e-108	1.02611e-118	1.27232e-142	1.4326e-166	5.35659e-191	4.98025e-215	2.53708e-240	1.60517e-264	5.31201e-289	6.07522e-314	0	0	0	0	0	0	7.62678e-198	2.2951e-209	6.76731e-223	1.70079e-235	2.17772e-248	2.16786e-259	
CENT17	0	0	0	0	0	0	0	0	0	1	0	0	0	0	0	0	0	0	0	0	0	0	0	0	0	0	0	0	0	0	0	0	0	0	0	0	0	0	0	0	
CENT74	0	0	0	0	0	0	0	0	0	0	0	0	0	0	0	0	0	0	0	1	0	0	0	0	0	0	0	0	0	0	0	0	0	0	0	0	0	0	0	0	
N10	4.36149e-12	1.19916e-08	9.42046e-06	7.79712e-06	0.0152791	2.49286e-05	0.00211053	1.14676e-06	0.00271396	0.979853	5.94092e-23	7.08097e-45	1.12681e-66	1.68292e-77	1.56842e-88	6.39522e-100	1.24447e-111	9.63373e-122	7.37341e-133	1.23593e-143	1.96224e-155	5.99396e-167	1.03585e-178	9.04419e-190	5.36659e-202	1.61162e-206	2.6771e-215	1.17091e-224	7.52241e-237	1.52822e-244	5.19936e-257	2.34184e-268	2.06993e-280	2.46966e-292	1.42833e-302	5.42699e-313	0	0	3.63424e-33	1.94575e-31	
CENT32	0	0	0	0	0	0	0	0	0	1	0	0	0	0	0	0	0	0	0	0	0	0	0	0	0	0	0	0	0	0	0	0	0	0	0	0	0	0	0	0	
N11	4.14867e-16	1.14778e-11	7.45366e-08	5.14001e-08	0.0026485	2.42901e-07	0.000184212	6.2018e-09	0.000184619	0.996982	1.73599e-24	3.41007e-45	4.67933e-54	2.21051e-63	1.72005e-60	4.70434e-60	1.08684e-58	2.26757e-55	1.0015e-54	1.01324e-50	1.38458e-63	1.2572e-74	2.39942e-86	9.08158e-99	8.47025e-112	2.70835e-115	2.11526e-124	3.74633e-49	6.99104e-49	5.09785e-41	6.95785e-43	4.03736e-40	2.56273e-40	1.80559e-40	6.10175e-39	2.77572e-37	6.72586e-38	1.08061e-37	8.36231e-38	8.78965e-35	
N12	8.53824e-20	1.66875e-14	6.689e-10	4.28541e-10	0.000400069	5.75752e-08	1.92518e-05	9.13416e-09	1.95861e-05	0.999561	5.16373e-16	4.13568e-25	6.54889e-23	1.13478e-38	8.92563e-33	8.80976e-31	6.03883e-28	3.00806e-25	3.89173e-24	3.16801e-18	4.67062e-41	2.04057e-62	2.36778e-83	1.81967e-106	1.03597e-129	4.56749e-152	7.08241e-175	1.29353e-197	1.03438e-134	4.209e-139	1.08608e-149	3.40259e-161	2.65062e-169	2.66129e-181	3.28057e-193	3.64797e-205	1.3865e-218	9.04356e-228	1.43294e-239	1.70337e-247	
N13	1.26931e-27	1.83792e-20	4.63398e-14	2.83295e-14	5.72434e-06	1.29207e-10	2.26404e-07	2.05313e-11	1.91424e-07	0.999994	3.40034e-17	1.2576e-28	5.40536e-39	6.00183e-42	7.36225e-34	1.47662e-30	7.82003e-29	1.01825e-24	5.017e-24	4.25167e-18	2.47519e-30	6.51035e-42	3.20725e-51	8.43946e-64	2.49735e-76	6.52436e-88	1.70668e-100	1.75312e-112	3.18984e-125	3.35296e-132	1.32824e-145	5.66828e-158	1.9724e-170	7.8955e-183	3.38387e-195	5.33592e-208	1.69481e-221	2.20836e-233	1.53593e-245	2.81262e-253	
CENT26	0	0	0	0	0	0	0	0	0	0	0	0	0	0	0	0	0	0	0	1	0	0	0	0	0	0	0	0	0	0	0	0	0	0	0	0	0	0	0	0	
N14	3.41799e-27	5.98168e-24	1.10615e-16	5.7707e-17	4.67943e-07	4.46105e-12	1.14489e-08	6.5052e-13	1.05685e-08	1	9.28963e-18	3.10612e-29	4.62782e-39	9.03362e-63	3.83435e-68	8.85059e-80	4.68423e-90	1.66948e-101	2.12432e-111	3.11924e-116	2.4897e-141	9.47691e-167	4.49327e-191	1.09541e-216	8.10053e-242	2.36568e-265	2.68628e-291	1.3224e-315	0	0	0	0	0	0	1.3187e-199	4.58908e-213	3.54145e-227	8.41341e-238	4.24392e-251	2.87719e-257	
CENT37	0	0	0	0	0	0	0	0	0	1	0	0	0	0	0	0	0	0	0	0	0	0	0	0	0	0	0	0	0	0	0	0	0	0	0	0	0	0	0	0	
CENT41	0	0	0	0	0	0	0	0	0	0	0	0	0	0	0	0	0	0	0	1	0	0	0	0	0	0	0	0	0	0	0	0	0	0	0	0	0	0	0	0	
CENT59	0	0	0	0	0	0	0	0	0	0	0	0	0	0	0	0	0	0	0	1	0	0	0	0	0	0	0	0	0	0	0	0	0	0	0	0	0	0	0	0	
N15	1.65397e-20	5.62591e-15	3.71928e-10	2.22097e-10	0.000361534	1.0563e-08	1.5654e-05	9.35064e-10	1.03819e-05	0.999612	3.68238e-24	2.04801e-48	4.74519e-70	9.05122e-70	1.15228e-67	3.12235e-69	1.51404e-69	7.86855e-69	8.42729e-70	5.85358e-66	8.58346e-68	1.91024e-67	1.51979e-67	9.46893e-69	1.43699e-69	3.84798e-69	4.32884e-69	1.1176e-64	1.32837e-57	4.75165e-48	2.21724e-47	9.4707e-44	1.08837e-40	6.87993e-41	4.6585e-41	5.7602e-41	2.00704e-40	2.43918e-38	2.40563e-38	2.47807e-34	
N16	4.15501e-26	3.47837e-19	4.63681e-13	2.53827e-13	2.49946e-05	7.72547e-10	8.67137e-07	7.45608e-11	3.01544e-07	0.999974	4.40096e-24	2.46287e-48	7.4882e-72	5.551e-83	4.12518e-91	4.11821e-104	4.70568e-116	7.78615e-129	2.94174e-141	3.18771e-148	1.13009e-161	3.6432e-173	2.70104e-185	2.36135e-198	5.84489e-211	3.42777e-218	3.69169e-228	1.60908e-237	5.35928e-251	2.06715e-254	2.89035e-268	2.00526e-280	1.47228e-292	5.24365e-305	3.45201e-315	0	0	3.40604e-38	5.79272e-38	6.73462e-34	
CENT5	0	0	0	0	0	0	0	0	0	1	0	0	0	0	0	0	0	0	0	0	0	0	0	0	0	0	0	0	0	0	0	0	0	0	0	0	0	0	0	0	
N17	8.28094e-32	1.85484e-23	5.33799e-16	2.50456e-16	1.68513e-06	9.26808e-12	3.6246e-08	8.07565e-13	7.68857e-09	0.999998	7.14101e-25	6.39305e-50	4.04187e-74	1.07116e-77	2.38508e-82	2.10442e-93	2.02064e-105	9.37205e-116	9.72614e-130	1.61209e-135	1.71886e-149	4.26366e-161	2.34676e-171	6.12093e-185	5.16806e-198	3.57295e-210	1.00872e-223	3.96237e-236	2.51383e-250	5.37944e-256	2.26133e-270	8.69587e-283	4.36648e-295	9.3491e-308	2.04494e-320	0	9.71861e-40	9.15788e-40	1.72261e-39	9.40797e-35	
N18	1.60515e-35	2.91665e-26	5.70193e-18	2.25279e-18	3.32838e-07	2.18293e-12	4.99838e-09	1.95319e-13	6.97719e-10	1	8.74911e-25	9.57028e-50	3.23918e-75	6.4563e-99	6.67336e-117	1.18514e-142	6.35457e-167	8.15746e-193	2.6586e-219	1.73876e-236	5.04578e-263	4.8308e-287	9.04649e-312	0	0	0	0	0	0	0	0	0	0	0	5.64165e-38	1.94007e-39	7.95091e-41	7.67536e-41	1.49178e-40	2.72092e-35	
CENT14	0	0	0	0	0	0	0	0	0	1	0	0	0	0	0	0	0	0	0	0	0	0	0	0	0	0	0	0	0	0	0	0	0	0	0	0	0	0	0	0	
CENT34	0	0	0	0	0	0	0	0	0	1	0	0	0	0	0	0	0	0	0	0	0	0	0	0	0	0	0	0	0	0	0	0	0	0	0	0	0	0	0	0	
CENT33	0	0	0	0	0	0	0	0	0	1	0	0	0	0	0	0	0	0	0	0	0	0	0	0	0	0	0	0	0	0	0	0	0	0	0	0	0	0	0	0	
N19	1.79803e-27	3.25638e-20	9.31923e-14	4.9863e-14	1.14082e-05	1.03144e-10	3.63529e-07	9.85893e-12	1.33939e-07	0.999988	1.24851e-24	5.71812e-47	2.32748e-57	1.27533e-66	4.02428e-61	1.92285e-60	8.2834e-59	3.50138e-57	2.68811e-57	4.47867e-51	1.23595e-63	1.46319e-69	1.62577e-69	1.52238e-70	1.84193e-71	3.63183e-62	9.16031e-57	8.32173e-51	4.11762e-52	1.65518e-39	2.49227e-41	3.03278e-41	3.38632e-41	2.33037e-41	1.95791e-36	2.98708e-37	1.18447e-38	1.12474e-38	1.89856e-38	3.21741e-34	
N20	9.0749e-34	6.18632e-25	5.34313e-17	2.4449e-17	5.50184e-07	1.73887e-12	1.07098e-08	1.57305e-13	2.35342e-09	0.999999	4.31152e-25	2.34231e-50	1.32062e-74	6.75196e-78	2.37882e-81	3.72268e-92	6.09511e-99	7.78091e-107	5.93567e-107	2.66933e-98	4.90653e-98	1.79825e-95	7.30194e-92	2.53646e-104	3.84672e-116	1.5224e-49	3.77233e-48	6.58125e-46	1.43758e-47	2.9004e-37	2.28885e-39	2.47875e-39	2.77386e-39	1.67015e-39	2.68557e-37	1.67921e-38	7.17706e-40	6.76037e-40	1.28017e-39	7.66542e-35	
N21	2.43538e-37	1.24177e-27	6.74984e-19	2.63849e-19	1.1728e-07	1.39302e-12	1.75674e-09	1.28361e-13	2.35362e-10	1	1.65907e-24	3.44064e-49	2.12916e-74	9.10206e-99	5.54142e-116	1.90861e-141	1.54438e-165	3.93227e-191	2.60964e-217	1.30297e-234	8.61523e-261	1.5106e-284	5.52818e-309	0	0	0	0	0	0	0	0	0	0	0	0	0	2.62436e-40	2.50607e-40	4.8325e-40	5.19267e-35	
CENT16	0	0	0	0	0	0	0	0	0	1	0	0	0	0	0	0	0	0	0	0	0	0	0	0	0	0	0	0	0	0	0	0	0	0	0	0	0	0	0	0	
CENT6	0	0	0	0	0	0	0	0	0	1	0	0	0	0	0	0	0	0	0	0	0	0	0	0	0	0	0	0	0	0	0	0	0	0	0	0	0	0	0	0	
N22	1.38077e-39	2.01753e-29	3.36243e-20	1.35893e-20	2.20166e-08	2.22129e-13	4.98911e-10	2.70278e-14	6.46835e-11	1	4.19413e-18	2.43093e-29	4.62488e-41	2.13242e-54	3.1543e-58	9.73177e-80	6.50146e-90	1.7868e-101	1.07783e-113	4.96677e-118	2.5465e-143	1.81216e-159	1.51135e-169	5.67501e-181	5.38322e-192	3.25407e-202	5.03602e-214	2.30317e-226	5.59704e-238	4.92404e-242	6.70246e-268	3.25074e-292	1.0036e-316	0	1.18797e-76	1.1684e-89	6.49945e-103	6.56966e-115	1.17345e-126	5.0062e-134	
CENT28	0	0	0	0	0	0	0	0	0	0	0	0	0	0	0	0	0	0	0	0	0	0	0	0	0	0	0	0	0	1	0	0	0	0	0	0	0	0	0	0	
CENT36	0	0	0	0	0	0	0	0	0	1	0	0	0	0	0	0	0	0	0	0	0	0	0	0	0	0	0	0	0	0	0	0	0	0	0	0	0	0	0	0	
N23	1.70833e-34	1.46205e-25	1.68465e-17	7.97677e-18	2.62358e-07	1.62135e-12	5.73558e-09	2.5044e-13	2.01352e-09	1	6.73784e-18	1.37995e-29	1.11423e-40	6.72751e-44	2.23909e-34	1.94687e-31	1.40268e-29	5.07867e-26	2.64228e-26	8.94473e-19	9.10719e-32	1.08052e-42	2.84752e-52	2.29454e-65	4.43871e-78	2.8367e-53	2.91839e-51	1.10409e-48	3.88863e-50	2.2824e-39	2.21849e-41	2.23159e-41	2.49763e-41	1.70767e-41	1.21698e-38	9.22211e-40	4.10358e-41	4.78135e-41	8.96781e-41	3.62318e-36	
N24	1.98796e-27	8.69577e-25	8.82229e-20	3.60886e-20	3.14046e-08	3.45001e-13	4.76877e-10	5.17036e-14	1.66484e-10	1	1.40973e-17	3.71084e-29	1.31392e-40	5.69461e-64	1.59062e-67	3.38547e-79	1.82122e-89	2.546e-101	6.28049e-113	2.64271e-116	2.90851e-141	6.27009e-166	7.9188e-190	2.76806e-215	3.86703e-240	4.12732e-264	8.32181e-290	4.45927e-315	0	0	0	0	0	0	0	0	1.56438e-225	1.24416e-237	8.45312e-250	2.34154e-255	
CENT9	0	0	0	0	0	0	0	0	0	1	0	0	0	0	0	0	0	0	0	0	0	0	0	0	0	0	0	0	0	0	0	0	0	0	0	0	0	0	0	0	
CENT46	0	0	0	0	0	0	0	0	0	0	0	0	0	0	0	0	0	0	0	1	0	0	0	0	0	0	0	0	0	0	0	0	0	0	0	0	0	0	0	0	
N25	2.51561e-44	1.94715e-33	1.75456e-23	7.57109e-24	7.03711e-11	5.05313e-16	1.45199e-12	1.27744e-16	4.12716e-13	0.0231533	4.63906e-13	2.17896e-10	2.98498e-08	3.4914e-32	1.59373e-22	3.15796e-19	5.82859e-15	5.35442e-12	7.42647e-10	0.976847	3.56693e-25	4.69113e-48	6.84484e-72	4.91618e-97	5.17895e-122	3.11264e-146	7.45786e-172	3.5282e-198	2.32366e-223	1.7736e-241	3.5628e-268	3.49422e-293	3.74353e-318	0	0	0	0	0	0	0	
CENT3	0	0	0	0	0	0	0	0	0	0	0	0	0	0	0	0	0	0	0	1	0	0	0	0	0	0	0	0	0	0	0	0	0	0	0	0	0	0	0	0	
CENT23	0	0	0	0	0	0	0	0	0	0	0	0	0	0	0	0	0	0	0	1	0	0	0	0	0	0	0	0	0	0	0	0	0	0	0	0	0	0	0	0	
